x y z o a t kEx kEy kEz iEx iEy iEz kUx kUy kUz iUx iUy iUz
-616 356 560 -30 0 -60  0 0 0 0 0 0  0 0 0 0 0 0 
-616 356 560 -30 0 -60  0 0 0 0 0 0  0 0 0 0 0 0 
-616 356 560 -30 0 -60  5 2 1 100 40 20  0 0 0 0 0 0 
-616 356 560 -30 0 -60  5 2 1 100 40 20  0 0 0 0 0 0 
-616 356 560 -30 0 -60  -13 -10 -7 -260 -200 -140  0 0 0 0 0 0 
-616 356 560 -30 0 -60  -13 -10 -7 -260 -200 -140  0 0 0 0 0 0 
-616 356 560 -30 0 -60  -15 -8 -8 -300 -160 -160  0 0 0 0 0 0 
-616 356 560 -30 0 -60  -15 -8 -8 -300 -160 -160  0 0 0 0 0 0 
-616 356 560 -30 0 -60  -21 -14 6 -420 -280 120  0 0 0 0 0 0 
-616 356 560 -30 0 -60  -24 -15 -17 -423 -281 97  0 0 0 0 0 0 
-616 356 560 -30 0 -60  -24 -15 -17 -480 -300 -340  0 0 0 0 0 0 
-616 356 560 -16 0 -74  -23 -21 -27 -479 -306 -350  0 0 0 0 0 0 
-616 356 560 -16 0 -74  -23 -21 -27 -460 -420 -540  0 0 0 0 0 0 
-616 356 560 -16 0 -74  -40 -11 -42 -477 -410 -555  0 0 0 0 0 0 
-616 356 560 -30 0 -60  -40 -11 -42 -800 -220 -840  0 0 0 0 0 0 
-616 356 560 -30 0 -60  1 -9 -52 -759 -218 -850  0 0 -1 0 0 0 
-616 356 560 -30 0 -60  1 -9 -52 20 -180 -1040  0 0 -1 0 0 0 
-616 356 560 -30 0 -60  39 -2 -42 58 -173 -1030  0 0 0 0 0 0 
-616 356 560 -4 0 -86  39 -2 -42 780 -40 -840  0 0 0 0 0 0 
-616 356 560 -12 0 -78  48 41 -28 789 3 -826  0 0 0 0 0 0 
-616 356 560 -30 0 -60  48 41 -28 960 820 -560  0 0 0 0 0 0 
-616 356 560 -30 0 -60  -8 -22 -39 904 757 -571  0 0 0 0 0 0 
-616 356 560 -30 0 -60  -8 -22 -39 -160 -440 -780  0 0 0 0 0 0 
-616 356 560 -30 0 -60  -2 -45 -48 -40 -900 -960  0 0 0 0 0 0 
-616 356 560 39 0 -129  -2 -45 -48 -40 -900 -960  0 0 0 0 0 0 
-616 356 560 55 0 -145  -5 -43 -73 -43 -898 -985  0 0 -1 0 0 0 
-616 356 560 57 0 -147  -5 -43 -73 -100 -860 -1460  0 0 -1 0 0 0 
-616 356 560 56 0 -146  -219 424 -19 -314 -393 -1406  -2 4 0 0 0 0 
-614 359 560 49 0 -139  -219 424 -19 -314 -393 -1406  -2 4 0 0 0 0 
-613 362 560 -90 0 0  -219 424 -19 -4380 8480 -380  -2 4 0 0 1 0 
-611 365 560 -95 0 5  -239 491 -3 -4400 8547 -364  -2 5 0 0 1 0 
-609 370 560 -100 0 10  -239 491 -3 -4400 8547 -364  -2 5 0 0 1 0 
-607 373 560 -90 0 0  -239 491 -3 -4780 9820 -60  -2 5 0 0 1 0 
-605 377 560 -114 0 24  -188 356 -9 -4729 9685 -66  -2 4 0 0 1 0 
-603 380 560 -47 0 -43  -188 356 -9 -4729 9685 -66  -2 4 0 0 1 0 
-602 383 560 -48 0 -42  -173 314 -13 -3745 7078 -184  -2 3 0 0 1 0 
-601 385 560 -33 0 -57  -144 231 13 -3431 6197 -234  -1 2 0 0 1 0 
-599 388 560 -40 0 -50  -85 119 42 -2821 4508 289  -1 1 0 0 0 0 
-598 389 560 -69 0 -21  -85 119 42 -2821 4508 289  -1 1 0 0 0 0 
-597 390 560 -24 0 -66  -85 119 42 -2821 4508 289  -1 1 0 0 0 0 
-596 392 560 -5 0 -85  -119 120 -20 -1734 2381 778  -1 1 0 0 0 0 
-595 393 560 15 0 -105  -119 120 -20 -2380 2400 -400  -1 1 0 0 0 0 
-594 394 561 -5 0 -85  -74 147 -96 -2335 2427 -476  -1 1 -1 0 0 0 
-594 396 561 43 0 -133  -74 147 -96 -1480 2940 -1920  -1 1 -1 0 0 0 
-594 397 562 -67 0 -23  -412 232 -217 -1818 3025 -2041  -4 2 -2 0 0 0 
-591 399 564 -112 0 22  -412 232 -217 -1818 3025 -2041  -4 2 -2 0 0 0 
-589 400 566 -69 0 -21  -544 91 -335 -8372 4499 -4458  -5 1 -3 -1 0 0 
-584 401 569 -53 0 -37  -440 -346 -446 -10776 1383 -6811  -4 -3 -4 -1 0 -1 
-581 400 571 -56 0 -34  -440 -346 -446 -10776 1383 -6811  -4 -3 -4 -1 0 -1 
-578 398 574 -39 0 -51  -440 -346 -446 -8800 -6920 -8920  -4 -3 -4 -1 -1 -1 
-575 395 577 134 0 136  -440 -346 -446 -8800 -6920 -8920  -4 -3 -4 -1 -1 -1 
-573 394 579 -31 0 -59  -393 -498 -619 -8753 -7072 -9093  -4 -5 -6 -1 -1 -1 
-569 389 584 -34 0 -56  -393 -498 -619 -8753 -7072 -9093  -4 -5 -6 -1 -1 -1 
-568 388 587 -48 0 -42  -364 -496 -603 -7831 -9958 -12364  -4 -5 -6 -1 -1 -1 
-564 383 592 -46 0 -44  -364 -496 -603 -7831 -9958 -12364  -4 -5 -6 -1 -1 -1 
-563 381 594 -72 0 -18  -238 -403 -557 -7154 -9827 -12014  -2 -4 -6 -1 -1 -1 
-561 378 599 159 0 111  -238 -403 -557 -7154 -9827 -12014  -2 -4 -6 -1 -1 -1 
-560 375 602 134 0 136  -238 -403 -557 -7154 -9827 -12014  -2 -5 -6 0 -1 -1 
-558 372 607 10 0 -100  -163 -651 -658 -3982 -10018 -12020  -2 -7 -7 0 -1 -1 
-557 368 611 88 0 -178  -163 -651 -658 -3982 -10018 -12020  -2 -7 -7 0 -1 -1 
-556 364 615 45 0 -135  -193 -625 -769 -3290 -12994 -13271  -2 -6 -8 0 -1 -1 
-555 359 620 105 0 165  -193 -625 -769 -3290 -12994 -13271  -2 -6 -8 0 -1 -1 
-554 357 624 97 0 173  -313 -354 -904 -3980 -12229 -15515  -3 -4 -9 0 -1 -2 
-552 354 630 101 0 169  -313 -354 -904 -3980 -12229 -15515  -3 -4 -9 0 -1 -2 
-550 352 634 79 0 -169  -324 -114 -788 -6271 -6840 -17964  -3 -1 -8 -1 -1 -2 
-548 350 641 73 0 -163  -324 -114 -788 -6271 -6840 -17964  -3 -1 -8 -1 -1 -2 
-546 350 644 37 0 -127  -445 633 -391 -6601 -1533 -15363  -4 6 -4 -1 0 -2 
-542 354 649 -31 0 -59  -445 633 -391 -6601 -1533 -15363  -4 6 -4 -1 0 -2 
-541 357 650 -46 0 -44  -585 997 -360 -9040 13024 -7789  -6 10 -4 -1 1 -1 
-536 364 653 -78 0 -12  -585 997 -360 -9040 13024 -7789  -6 10 -4 -1 1 -1 
-534 367 654 -82 0 -8  -648 890 -240 -11763 19833 -7080  -6 9 -2 -1 2 -1 
-530 374 656 -103 0 13  -648 890 -240 -11763 19833 -7080  -6 9 -2 -1 2 -1 
-527 378 657 -117 0 27  -697 609 -223 -13009 17519 -4783  -7 6 -2 -1 2 0 
-523 383 658 175 0 95  -697 609 -223 -13009 17519 -4783  -7 6 -2 -1 2 0 
-519 386 660 -140 0 50  -661 372 -307 -13904 11943 -4544  -7 4 -3 -1 1 0 
-515 388 662 -150 0 60  -661 372 -307 -13904 11943 -4544  -7 4 -3 -1 1 0 
-511 391 663 -19 0 -71  -661 314 -266 -13220 7382 -6099  -7 3 -3 -1 1 -1 
-505 394 666 -35 0 -55  -661 314 -266 -13220 7382 -6099  -7 3 -3 -1 1 -1 
-502 395 667 -31 0 -59  -618 254 -164 -13177 6220 -5218  -6 3 -2 -1 1 -1 
-496 398 669 -13 0 -77  -618 254 -164 -13177 6220 -5218  -6 3 -2 -1 1 -1 
-493 399 669 64 0 -154  -620 262 -92 -12362 5088 -3208  -6 3 -1 -1 1 0 
-488 401 670 31 0 -121  -536 265 -57 -12316 5243 -1805  -5 3 -1 -1 1 0 
-484 403 670 132 0 138  -536 265 -57 -12316 5243 -1805  -5 3 -1 -1 1 0 
-481 404 670 124 0 146  -521 386 -7 -10705 5421 -1090  -5 4 0 -1 1 0 
-476 408 670 -115 0 25  -521 386 -7 -10705 5421 -1090  -5 4 0 -1 1 0 
-473 410 670 173 0 97  -507 388 -1 -10406 7722 -134  -5 4 0 -1 1 0 
-469 413 670 -142 0 52  -495 435 -46 -10128 7807 -65  -5 4 0 -1 1 0 
-465 417 670 -119 0 29  -495 435 -46 -10128 7807 -65  -5 4 0 -1 1 0 
-462 419 670 -128 0 38  -495 435 -46 -9900 8700 -920  -5 4 0 -1 1 0 
-457 423 670 -115 0 25  -495 435 -46 -9900 8700 -920  -5 4 0 -1 1 0 
-455 425 670 -121 0 31  -257 255 3 -9662 8520 -871  -3 3 0 -1 1 0 
-453 427 670 -3 0 -87  14 -55 -69 -4869 4790 -12  0 -1 -1 0 0 0 
-453 427 670 -28 0 -62  39 -72 -82 780 -1440 -1640  0 -1 -1 0 0 0 
-453 427 670 -35 0 -55  -9 -38 -77 -180 -760 -1540  0 0 -1 0 0 0 
-453 427 670 -35 0 -55  -9 -38 -77 -180 -760 -1540  0 0 -1 0 0 0 
-453 427 670 -35 0 -55  -6 -40 -71 -120 -800 -1420  0 0 -1 0 0 0 
-453 427 670 -29 0 -61  -6 -40 -71 -120 -800 -1420  0 0 -1 0 0 0 
-453 427 670 -23 0 -67  -5 -41 -65 -100 -820 -1300  0 0 -1 0 0 0 
-453 427 670 -23 0 -67  -5 -41 -65 -100 -820 -1300  0 0 -1 0 0 0 
-453 427 670 -30 0 -60  -10 -45 -59 -200 -900 -1180  0 0 -1 0 0 0 
-453 427 670 -25 0 -65  -10 -45 -59 -200 -900 -1180  0 0 -1 0 0 0 
-453 427 670 -25 0 -65  -6 -40 -52 -120 -800 -1040  0 0 -1 0 0 0 
-453 427 670 -28 0 -62  -6 -40 -52 -120 -800 -1040  0 0 -1 0 0 0 
-453 427 670 -30 0 -60  -6 -47 -72 -120 -940 -1440  0 0 -1 0 0 0 
-453 427 670 -30 0 -60  -2 -50 -82 -116 -943 -1450  0 -1 -1 0 0 0 
-453 427 670 -30 0 -60  -2 -50 -82 -40 -1000 -1640  0 -1 -1 0 0 0 
-453 427 670 -30 0 -60  -3 -43 -77 -41 -993 -1635  0 0 -1 0 0 0 
-453 427 670 -30 0 -60  -3 -43 -77 -60 -860 -1540  0 0 -1 0 0 0 
-453 427 670 -32 0 -58  6 -35 -92 -51 -852 -1555  0 0 -1 0 0 0 
-453 427 671 130 0 140  6 -35 -92 120 -700 -1840  0 0 -1 0 0 0 
-453 427 672 131 0 139  6 -35 -92 120 -700 -1840  0 0 -1 0 0 0 
-453 427 673 142 0 128  18 -17 -84 132 -682 -1832  0 0 -1 0 0 0 
-453 427 674 148 0 122  106 5 -56 448 -318 -1652  1 0 -1 0 0 0 
-454 427 674 158 0 112  106 5 -56 2120 100 -1120  1 0 -1 0 0 0 
-455 427 674 178 0 92  310 50 8 2324 145 -1056  3 1 0 0 0 0 
-458 427 674 157 0 113  310 50 8 2324 145 -1056  3 1 0 0 0 0 
-460 427 674 -53 0 -37  310 50 8 6200 1000 160  3 1 0 1 0 0 
-463 427 674 161 0 109  389 50 47 6279 1000 199  4 1 0 1 0 0 
-467 427 674 25 0 -115  389 50 47 6279 1000 199  4 1 0 1 0 0 
-469 427 674 -33 0 -57  307 38 70 7698 988 963  3 0 1 1 0 0 
-471 427 674 -30 0 -60  307 38 70 6140 760 1400  3 0 1 1 0 0 
-474 427 674 -11 0 -79  347 40 48 6180 762 1378  3 0 0 1 0 0 
-477 427 674 -19 0 -71  347 40 48 6180 762 1378  3 0 0 1 0 0 
-479 427 674 36 0 -126  217 -3 35 6810 757 947  2 0 0 1 0 0 
-482 427 674 130 0 140  -8 -65 173 4115 -122 838  0 -1 2 0 0 0 
-482 427 673 137 0 133  -8 -65 173 4115 -122 838  0 -1 2 0 0 0 
-482 427 672 141 0 129  -8 -65 173 -160 -1300 3460  0 -1 2 0 0 0 
-482 427 670 131 0 139  38 -7 351 -114 -1242 3638  0 0 4 0 0 0 
-482 427 667 1 0 -91  38 -7 351 -114 -1242 3638  0 0 4 0 0 0 
-482 427 665 -31 0 -59  297 188 502 1019 55 7171  3 2 5 0 0 1 
-485 429 661 -7 0 -83  45 238 710 5688 3810 10248  0 2 7 1 0 1 
-486 431 655 -5 0 -85  45 238 710 5688 3810 10248  0 2 7 1 0 1 
-486 432 652 135 0 135  45 238 710 900 4760 14200  0 2 7 0 0 1 
-486 434 645 138 0 132  45 238 710 900 4760 14200  0 2 7 0 0 1 
-486 435 642 140 0 130  -181 163 810 674 4685 14300  -2 2 8 0 0 1 
-484 437 635 141 0 129  -181 163 810 674 4685 14300  -2 2 8 0 0 1 
-484 437 632 144 0 126  -110 122 947 -3549 3219 16337  -1 1 9 0 0 2 
-483 438 625 -84 0 -6  -110 122 947 -3549 3219 16337  -1 1 9 0 0 2 
-482 438 622 -131 0 41  -137 112 985 -2227 2430 18978  -1 1 10 0 0 2 
-481 439 613 147 0 123  -137 112 985 -2227 2430 18978  -1 1 10 0 0 2 
-481 440 611 144 0 126  -120 127 1001 -2723 2255 19716  -1 1 10 0 0 2 
-480 441 602 -162 0 72  -120 127 1001 -2723 2255 19716  -1 1 10 0 0 2 
-479 441 599 -123 0 33  -130 89 1047 -2410 2502 20066  -1 1 10 0 0 2 
-478 442 591 147 0 123  -130 89 1047 -2410 2502 20066  -1 1 10 0 0 2 
-478 442 587 -179 0 89  -147 65 1049 -2617 1756 20942  -1 1 10 0 0 2 
-477 442 579 -84 0 -6  -147 65 1049 -2617 1756 20942  -1 1 10 0 0 2 
-476 442 575 -53 0 -37  -151 62 1114 -2944 1297 21045  -2 1 11 0 0 2 
-475 442 568 -52 0 -38  -151 62 1114 -2944 1297 21045  -2 1 11 0 0 2 
-475 442 562 -63 0 -27  21 64 743 -2848 1242 21909  0 1 7 0 0 2 
-474 442 557 156 0 114  21 64 743 -2848 1242 21909  0 1 7 0 0 2 
-475 442 552 149 0 121  -3 8 568 396 1224 14685  0 0 6 0 0 1 
-474 442 547 -174 0 84  -3 8 568 396 1224 14685  0 0 6 0 0 1 
-474 442 544 149 0 121  72 11 540 15 163 11332  1 0 5 0 0 1 
-474 442 539 -47 0 -43  109 -6 540 1477 203 10800  1 0 5 0 0 1 
-475 442 534 -46 0 -44  109 -6 540 1477 203 10800  1 0 5 0 0 1 
-476 442 531 -55 0 -35  109 -6 540 2180 -120 10800  1 0 5 0 0 1 
-477 442 526 156 0 114  112 -3 481 2183 -117 10741  1 0 5 0 0 1 
-478 442 521 162 0 108  112 -3 481 2183 -117 10741  1 0 5 0 0 1 
-479 442 518 146 0 124  106 -14 404 2234 -71 9543  1 0 4 0 0 1 
-480 442 514 146 0 124  114 -8 427 2128 -274 8103  1 0 4 0 0 1 
-481 442 510 155 0 115  114 -8 427 2280 -160 8540  1 0 4 0 0 1 
-482 442 505 164 0 106  114 -8 427 2280 -160 8540  1 0 4 0 0 1 
-483 442 502 150 0 120  148 -11 452 2314 -163 8565  1 0 5 0 0 1 
-484 442 498 151 0 119  142 -14 439 2954 -223 9027  1 0 4 0 0 1 
-486 442 494 164 0 106  142 -14 439 2840 -280 8780  1 0 4 0 0 1 
-487 442 489 170 0 100  142 -14 439 2840 -280 8780  1 0 4 0 0 1 
-489 442 486 -114 0 24  142 -14 439 2840 -280 8780  2 0 5 0 0 1 
-490 442 482 168 0 102  225 -36 481 4443 -435 10190  2 0 5 0 0 1 
-492 442 477 165 0 105  225 -36 481 4443 -435 10190  2 0 5 0 0 1 
-494 442 474 160 0 110  225 -36 481 4500 -720 9620  2 0 5 0 0 1 
-496 442 470 -171 0 81  293 -37 531 4568 -721 9670  3 0 5 0 0 1 
-499 442 465 -155 0 65  357 -30 493 5924 -733 10582  4 0 5 1 0 1 
-501 442 461 -62 0 -28  357 -30 493 5924 -733 10582  4 0 5 1 0 1 
-503 442 458 -93 0 3  391 -25 425 7174 -595 9792  4 0 4 1 0 1 
-507 442 454 152 0 118  391 -25 425 7174 -595 9792  4 0 4 1 0 1 
-509 442 451 147 0 123  391 -25 425 7820 -500 8500  4 0 4 1 0 1 
-512 442 448 145 0 125  551 -44 194 7980 -519 8269  6 0 2 1 0 1 
-517 442 446 150 0 120  551 -44 194 7980 -519 8269  6 0 2 1 0 1 
-520 442 445 -109 0 19  565 -84 132 11034 -920 3818  6 -1 1 1 0 0 
-525 442 444 155 0 115  485 -152 108 11220 -1748 2616  5 -2 1 1 0 0 
-529 441 443 163 0 107  485 -152 108 11220 -1748 2616  5 -2 1 1 0 0 
-532 440 442 -40 0 -50  599 -166 103 9814 -3054 2155  6 -2 1 1 0 0 
-538 439 441 -79 0 -11  599 -166 103 9814 -3054 2155  6 -2 1 1 0 0 
-541 438 441 -36 0 -54  669 -184 105 12050 -3338 2062  7 -2 1 1 0 0 
-546 436 440 141 0 129  669 -184 105 13380 -3680 2100  7 -2 1 1 0 0 
-551 435 439 -29 0 -61  669 -184 105 13380 -3680 2100  7 -2 1 1 0 0 
-555 434 438 109 0 161  661 -177 176 13372 -3673 2171  7 -2 2 1 0 0 
-561 432 437 142 0 128  661 -177 176 13372 -3673 2171  7 -2 2 1 0 0 
-564 431 436 113 0 157  558 -152 197 13117 -3515 3541  6 -2 2 1 0 0 
-569 430 434 123 0 147  572 -156 227 11174 -3044 3970  6 -2 2 1 0 0 
-575 429 432 83 0 -173  572 -156 227 11174 -3044 3970  6 -2 2 1 0 0 
-578 428 431 -10 0 -80  648 -157 230 11516 -3121 4543  6 -2 2 1 0 0 
-583 426 429 -3 0 -87  537 -145 215 12849 -3128 4585  5 -1 2 1 0 0 
-587 426 428 -8 0 -82  537 -145 215 12849 -3128 4585  5 -1 2 1 0 0 
-590 425 426 1 0 -91  298 -110 129 10501 -2865 4214  3 -1 1 1 0 0 
-594 423 425 21 0 -111  298 -110 129 10501 -2865 4214  3 -1 1 1 0 0 
-596 423 424 -2 0 -88  298 -110 129 10501 -2865 4214  3 -1 1 1 0 0 
-598 422 423 -28 0 -62  24 -45 -39 233 -1223 -533  0 0 0 0 0 0 
-598 422 423 -30 0 -60  24 -45 -39 480 -900 -780  0 0 0 0 0 0 
-598 422 423 -31 0 -59  15 -37 -48 300 -740 -960  0 0 0 0 0 0 
-598 422 423 -30 0 -60  15 -37 -48 300 -740 -960  0 0 0 0 0 0 
-598 422 423 -27 0 -64  3 -44 -44 60 -880 -880  0 0 0 0 0 0 
-598 422 423 -18 0 -72  -47 -33 -57 10 -869 -893  0 0 -1 0 0 0 
-598 422 423 -14 0 -76  -47 -33 -57 -940 -660 -1140  0 0 -1 0 0 0 
-598 422 423 -4 0 -86  -199 9 -113 -1092 -618 -1196  -2 0 -1 0 0 0 
-596 422 424 -14 0 -76  -199 9 -113 -1092 -618 -1196  -2 0 -1 0 0 0 
-595 422 425 -9 0 -81  -199 9 -113 -3980 180 -2260  -2 0 -1 0 0 0 
-593 422 426 -7 0 -83  -199 9 -113 -3980 180 -2260  -2 0 -1 0 0 0 
-591 422 427 -12 0 -78  -559 -10 -118 -4340 161 -2265  -6 0 -1 0 0 0 
-586 422 428 79 0 -169  -559 -10 -118 -4340 161 -2265  -6 0 -1 0 0 0 
-584 422 429 56 0 -146  -891 -144 -170 -11512 -334 -2412  -9 -1 -2 -1 0 0 
-576 421 430 -33 0 -57  -891 -144 -170 -11512 -334 -2412  -9 -1 -2 -1 0 0 
-574 420 430 150 0 120  -946 -183 -160 -17875 -2919 -3390  -9 -2 -2 -2 0 0 
-565 419 432 -140 0 50  -946 -183 -160 -17875 -2919 -3390  -9 -2 -2 -2 0 0 
-563 418 432 163 0 107  -913 -143 -152 -18887 -3620 -3192  -9 -1 -2 -2 0 0 
-555 417 434 -139 0 49  -913 -143 -152 -18887 -3620 -3192  -9 -1 -2 -2 0 0 
-552 417 434 -150 0 60  -750 -48 -158 -18097 -2765 -3046  -8 0 -2 -2 0 0 
-545 417 436 -69 0 -21  -750 -48 -158 -18097 -2765 -3046  -8 0 -2 -2 0 0 
-542 416 436 -119 0 29  -428 62 -159 -14678 -850 -3161  -4 1 -2 -1 0 0 
-538 416 438 -44 0 -46  -428 62 -159 -14678 -850 -3161  -4 1 -2 -1 0 0 
-535 416 439 163 0 107  -428 62 -159 -14678 -850 -3161  -4 0 -2 -1 0 0 
-532 417 440 -38 0 -52  -375 17 -161 -8336 834 -3296  -4 0 -2 -1 0 0 
-528 417 442 -32 0 -58  -375 17 -161 -7500 340 -3220  -4 0 -2 -1 0 0 
-525 417 443 142 0 128  -375 17 -161 -7500 340 -3220  -4 0 -2 -1 0 0 
-523 417 444 141 0 129  -395 6 -163 -7520 329 -3222  -4 0 -2 -1 0 0 
-519 417 446 -35 0 -55  -488 20 -173 -7993 134 -3270  -5 0 -2 -1 0 0 
-515 416 447 -39 0 -51  -488 20 -173 -7993 134 -3270  -5 0 -2 -1 0 0 
-513 417 448 -25 0 -65  -369 21 -140 -9641 401 -3427  -4 0 -1 -1 0 0 
-509 417 449 -34 0 -56  -343 34 -152 -7354 433 -2812  -3 0 -2 -1 0 0 
-506 416 450 -40 0 -51  -343 34 -152 -7354 433 -2812  -3 0 -2 -1 0 0 
-504 417 451 -90 0 0  -343 34 -152 -6860 680 -3040  -3 0 -2 -1 0 0 
-500 417 453 -40 0 -50  -461 30 -152 -6978 676 -3040  -5 0 -2 -1 0 0 
-497 417 454 -40 0 -50  -461 30 -152 -6978 676 -3040  -5 0 -2 -1 0 0 
-494 417 455 -159 0 69  -373 34 -118 -9132 604 -3006  -4 0 -1 -1 0 0 
-490 417 456 -40 0 -50  -281 39 -73 -7368 685 -2315  -3 0 -1 -1 0 0 
-488 417 456 143 0 127  -281 39 -73 -7368 685 -2315  -3 0 -1 -1 0 0 
-486 417 456 144 0 126  -281 39 -73 -5620 780 -1460  -3 0 -1 -1 0 0 
-483 417 456 -41 0 -49  -378 42 -99 -5717 783 -1486  -4 0 -1 -1 0 0 
-479 416 457 -41 0 -49  -378 42 -99 -5717 783 -1486  -4 0 -1 -1 0 0 
-477 417 458 -103 0 13  -361 37 -104 -7543 835 -1985  -4 0 -1 -1 0 0 
-474 416 459 -41 0 -49  -282 56 -67 -7141 759 -2043  -3 1 -1 -1 0 0 
-471 417 459 139 0 131  -282 56 -67 -7141 759 -2043  -3 1 -1 -1 0 0 
-469 417 459 138 0 132  -282 56 -67 -7141 759 -2043  -3 1 -1 -1 0 0 
-467 417 459 -49 0 -41  -403 44 -120 -5761 1108 -1393  -4 0 -1 -1 0 0 
-463 416 460 -39 0 -51  -360 60 -133 -8017 896 -2413  -4 1 -1 -1 0 0 
-459 417 461 -36 0 -54  -360 60 -133 -8017 896 -2413  -4 1 -1 -1 0 0 
-457 417 462 138 0 132  -312 68 -110 -7152 1208 -2637  -3 1 -1 -1 0 0 
-455 417 463 -37 0 -53  -312 68 -110 -6240 1360 -2200  -3 1 -1 -1 0 0 
-451 416 464 -34 0 -56  -312 68 -110 -6240 1360 -2200  -3 1 -1 -1 0 0 
-448 416 465 -25 0 -65  -312 68 -110 -6240 1360 -2200  -4 1 -1 -1 0 0 
-446 417 466 -4 0 -86  -337 78 -140 -8032 1465 -2458  -3 1 -1 -1 0 0 
-442 416 467 -26 0 -64  -503 102 -164 -6906 1584 -2824  -5 1 -2 -1 0 0 
-439 417 469 136 0 134  -503 102 -164 -6906 1584 -2824  -5 1 -2 -1 0 0 
-436 418 470 171 0 99  -503 102 -164 -10060 2040 -3280  -5 1 -2 -1 0 0 
-431 419 471 -51 0 -39  -511 103 -160 -10068 2041 -3276  -5 1 -2 -1 0 0 
-427 420 472 -45 0 -45  -511 103 -160 -10068 2041 -3276  -5 1 -2 -1 0 0 
-424 420 473 11 0 -101  -294 56 -110 -10003 2013 -3150  -3 1 -1 -1 0 0 
-421 420 475 -23 0 -67  -417 140 -144 -6003 1204 -2234  -4 1 -1 -1 0 0 
-417 421 476 11 0 -101  -417 140 -144 -6003 1204 -2234  -4 1 -1 -1 0 0 
-415 422 477 -97 0 7  -417 140 -144 -8340 2800 -2880  -4 1 -1 -1 0 0 
-411 423 478 -98 0 8  -525 175 -190 -8448 2835 -2926  -5 2 -2 -1 0 0 
-406 425 479 -136 0 46  -525 175 -190 -8448 2835 -2926  -5 2 -2 -1 0 0 
-404 426 481 -113 0 23  -353 117 -143 -10328 3442 -3753  -4 1 -1 -1 0 0 
-400 427 482 -52 0 -38  -229 102 -86 -6936 2325 -2803  -2 1 -1 -1 0 0 
-397 428 483 -13 0 -77  -229 102 -86 -6936 2325 -2803  -2 1 -1 -1 0 0 
-396 429 484 1 0 -91  -229 102 -86 -4580 2040 -1720  -2 1 -1 0 0 0 
-393 430 484 -13 0 -78  -325 108 -148 -4676 2046 -1782  -3 1 -1 0 0 0 
-390 431 486 -12 0 -78  -362 168 -169 -6537 2220 -2981  -4 2 -2 -1 0 0 
-387 432 488 123 0 147  -362 168 -169 -6537 2220 -2981  -4 2 -2 -1 0 0 
-384 434 489 138 0 132  -362 168 -169 -7240 3360 -3380  -4 2 -2 -1 0 0 
-381 435 490 141 0 129  -405 115 -187 -7283 3307 -3398  -4 1 -2 -1 0 0 
-377 436 492 -56 0 -34  -258 85 -163 -7953 2270 -3716  -3 1 -2 -1 0 0 
-375 437 493 159 0 111  -258 85 -163 -7953 2270 -3716  -3 1 -2 -1 0 0 
-373 437 494 152 0 118  -287 85 -154 -5189 1700 -3251  -3 1 -2 -1 0 0 
-370 438 496 -80 0 -10  -287 85 -154 -5740 1700 -3080  -3 1 -2 -1 0 0 
-367 439 498 -72 0 -18  -232 81 -149 -5685 1696 -3075  -2 1 -1 -1 0 0 
-365 439 499 -58 0 -32  -232 81 -149 -5685 1696 -3075  -2 1 -1 -1 0 0 
-363 439 500 -56 0 -34  -153 38 -131 -4561 1577 -2962  -2 0 -1 0 0 0 
-362 439 501 -67 0 -23  -153 38 -131 -3060 760 -2620  -2 0 -1 0 0 0 
-360 439 503 136 0 134  -156 29 -187 -3063 751 -2676  -2 0 -2 0 0 0 
-358 439 505 152 0 118  -156 29 -187 -3120 580 -3740  -2 0 -2 0 0 0 
-357 439 506 -164 0 74  -156 29 -187 -3120 580 -3740  -2 0 -2 0 0 0 
-356 439 508 168 0 102  15 -32 -35 -1334 -203 -2125  0 0 0 0 0 0 
-355 439 509 -57 0 -33  15 -32 -35 300 -640 -700  0 0 0 0 0 0 
-355 439 509 -51 0 -39  -7 -45 -48 278 -653 -713  0 0 0 0 0 0 
-355 439 509 -55 0 -35  -7 -45 -48 -140 -900 -960  0 0 0 0 0 0 
-355 439 509 -56 0 -34  1 -41 -56 -132 -896 -968  0 0 -1 0 0 0 
-355 439 509 -113 0 23  1 -41 -56 20 -820 -1120  0 0 -1 0 0 0 
-355 439 509 -124 0 34  221 -93 -154 240 -872 -1218  2 -1 -2 0 0 0 
-357 438 510 -152 0 62  221 -93 -154 4420 -1860 -3080  2 -1 -2 0 0 0 
-359 438 511 -133 0 43  221 -93 -154 4420 -1860 -3080  2 -1 -2 0 0 0 
-361 437 512 -58 0 -32  496 -240 -111 4695 -2007 -3037  5 -2 -1 0 0 0 
-365 435 513 105 0 165  496 -240 -111 9920 -4800 -2220  5 -2 -1 1 0 0 
-370 432 514 28 0 -118  496 -240 -111 9920 -4800 -2220  5 -2 -1 1 0 0 
-372 431 515 6 0 -96  450 -194 -33 9874 -4754 -2142  5 -2 0 1 0 0 
-377 429 515 60 0 -150  328 -188 -50 8878 -3874 -677  3 -2 -1 1 0 0 
-380 428 515 -18 0 -72  328 -188 -50 8878 -3874 -677  3 -2 -1 1 0 0 
-382 427 515 -14 0 -76  401 -166 -8 6633 -3738 -958  4 -2 0 1 0 0 
-386 425 515 -58 0 -32  401 -166 -8 8020 -3320 -160  4 -2 0 1 0 0 
-389 423 515 -53 0 -37  401 -166 -8 8020 -3320 -160  4 -2 0 1 0 0 
-392 422 515 -29 0 -61  317 -159 -3 7936 -3313 -155  3 -2 0 1 0 0 
-395 421 515 -47 0 -43  238 -162 -11 6261 -3183 -68  2 -2 0 1 0 0 
-397 419 515 -31 0 -59  238 -162 -11 6261 -3183 -68  2 -2 0 1 0 0 
-400 418 515 -38 0 -52  356 -155 5 4878 -3233 -204  4 -2 0 0 0 0 
-402 417 515 -38 0 -52  356 -155 5 7120 -3100 100  4 -2 0 1 0 0 
-406 415 515 134 0 136  282 -133 -24 7046 -3078 71  3 -1 0 1 0 0 
-408 414 515 -34 0 -56  282 -133 -24 7046 -3078 71  3 -1 0 1 0 0 
-411 413 515 -24 0 -66  351 -139 -24 5709 -2666 -480  4 -1 0 1 0 0 
-414 412 515 -25 0 -65  351 -139 -24 7020 -2780 -480  4 -1 0 1 0 0 
-417 410 515 -19 0 -71  351 -139 -24 7020 -2780 -480  4 -1 0 1 0 0 
-420 409 515 -37 0 -53  351 -139 -24 7020 -2780 -480  2 -1 0 1 0 0 
-422 409 515 -27 0 -63  306 -113 -19 4923 -1918 -437  3 -1 0 0 0 0 
-425 408 515 -27 0 -63  274 -119 -14 6088 -2266 -375  3 -1 0 1 0 0 
-428 406 515 22 0 -112  274 -119 -14 5480 -2380 -280  3 -1 0 1 0 0 
-430 405 515 -43 0 -47  274 -119 -14 5480 -2380 -280  3 -1 0 1 0 0 
-432 404 515 -49 0 -41  210 -123 -11 5416 -2384 -277  2 -1 0 1 0 0 
-434 403 515 -54 0 -36  227 -98 5 4217 -2435 -204  2 -1 0 0 0 0 
-436 402 515 -43 0 -47  227 -98 5 4540 -1960 100  2 -1 0 0 0 0 
-439 401 515 -36 0 -54  295 -135 19 4608 -1997 114  3 -1 0 0 0 0 
-441 400 515 -30 0 -60  295 -135 19 4608 -1997 114  3 -1 0 0 0 0 
-443 399 515 -16 0 -74  210 -88 27 5815 -2653 388  2 -1 0 1 0 0 
-445 398 515 -42 0 -48  210 -88 27 4200 -1760 540  2 -1 0 0 0 0 
-448 397 515 154 0 116  148 -92 -9 4138 -1764 504  1 -1 0 0 0 0 
-449 396 515 -154 0 64  236 -99 11 3048 -1847 -160  2 -1 0 0 0 0 
-451 395 515 -49 0 -41  236 -99 11 3048 -1847 -160  2 -1 0 0 0 0 
-453 395 515 -24 0 -66  236 -99 11 4720 -1980 220  2 -1 0 0 0 0 
-456 394 515 -28 0 -62  304 -115 -6 4788 -1996 203  3 -1 0 0 0 0 
-459 393 515 -10 0 -80  304 -115 -6 6080 -2300 -120  3 -1 0 1 0 0 
-462 391 515 -14 0 -76  95 -16 -38 5871 -2201 -152  1 0 0 1 0 0 
-463 391 515 -31 0 -59  95 -16 -38 5871 -2201 -152  1 0 0 1 0 0 
-465 391 515 -30 0 -60  137 -70 -84 1942 -374 -806  1 -1 -1 0 0 0 
-466 391 515 -32 0 -58  137 -70 -84 2740 -1400 -1680  1 -1 -1 0 0 0 
-467 391 516 -31 0 -59  62 -46 -91 2665 -1376 -1687  1 0 -1 0 0 0 
-467 391 517 136 0 134  37 -36 -72 1215 -910 -1801  0 0 -1 0 0 0 
-467 391 518 133 0 137  53 -63 -66 756 -747 -1434  1 -1 -1 0 0 0 
-467 391 518 134 0 136  53 -63 -66 1060 -1260 -1320  1 -1 -1 0 0 0 
-467 391 518 -26 0 -64  53 -63 -66 1060 -1260 -1320  1 -1 -1 0 0 0 
-467 391 518 -34 0 -56  2 -39 -52 40 -780 -1040  0 0 -1 0 0 0 
-467 391 518 -35 0 -55  2 -39 -52 40 -780 -1040  0 0 -1 0 0 0 
-467 391 518 -35 0 -55  -2 -44 -56 -40 -880 -1120  0 0 -1 0 0 0 
-467 391 518 -34 0 -56  0 -42 -43 -38 -878 -1107  0 0 0 0 0 0 
-467 391 518 -32 0 -58  0 -42 -43 0 -840 -860  0 0 0 0 0 0 
-467 391 518 -29 0 -61  0 -44 -67 0 -842 -884  0 0 -1 0 0 0 
-467 391 518 -24 0 -66  0 -44 -67 0 -880 -1340  0 0 -1 0 0 0 
-467 391 518 -23 0 -67  -1 -42 -80 -1 -878 -1353  0 0 -1 0 0 0 
-467 391 518 -23 0 -67  -1 -42 -80 -20 -840 -1600  0 0 -1 0 0 0 
-467 391 518 -23 0 -67  -1 -45 -76 -20 -900 -1520  0 0 -1 0 0 0 
-467 391 518 -19 0 -71  -1 -45 -76 -20 -900 -1520  0 0 -1 0 0 0 
-467 391 518 -19 0 -71  -3 -43 -75 -22 -898 -1519  0 0 -1 0 0 0 
-467 391 518 -19 0 -71  -3 -43 -75 -60 -860 -1500  0 0 -1 0 0 0 
-467 391 518 -19 0 -71  -2 -40 -76 -59 -857 -1501  0 0 -1 0 0 0 
-467 391 518 -19 0 -71  -2 -40 -76 -40 -800 -1520  0 0 -1 0 0 0 
-467 391 518 -19 0 -71  -3 -45 -70 -60 -900 -1400  0 0 -1 0 0 0 
-467 391 518 -14 0 -76  -3 -45 -70 -60 -900 -1400  0 0 -1 0 0 0 
-467 391 518 -14 0 -76  0 -42 -50 0 -840 -1000  0 0 -1 0 0 0 
-467 391 518 -14 0 -76  0 -42 -50 0 -840 -1000  0 0 -1 0 0 0 
-467 391 518 -19 0 -71  -1 -44 -57 -20 -880 -1140  0 0 -1 0 0 0 
-467 391 518 -19 0 -71  -3 -43 -42 -22 -879 -1125  0 0 0 0 0 0 
-467 391 518 -19 0 -71  -3 -43 -42 -60 -860 -840  0 0 0 0 0 0 
-467 391 518 -19 0 -71  -3 -43 -42 -60 -860 -840  0 0 0 0 0 0 
-467 391 518 11 0 -101  3 -39 -51 60 -780 -1020  0 0 -1 0 0 0 
-467 391 518 -19 0 -71  3 -39 -51 60 -780 -1020  0 0 -1 0 0 0 
-467 391 518 -40 0 -50  16 -10 -68 320 -200 -1360  0 0 -1 0 0 0 
-467 391 518 -61 0 -29  53 -73 -353 357 -263 -1645  1 -1 -4 0 0 0 
-467 391 520 -64 0 -26  53 -73 -353 357 -263 -1645  1 -1 -4 0 0 0 
-467 391 523 -49 0 -41  53 -73 -353 1060 -1460 -7060  1 -1 -4 0 0 -1 
-467 391 526 -44 0 -46  102 -115 -593 1109 -1502 -7300  1 -1 -6 0 0 -1 
-468 390 531 -35 0 -55  102 -115 -593 1109 -1502 -7300  1 -1 -6 0 0 -1 
-468 390 534 -30 0 -60  102 -115 -593 2040 -2300 -11860  1 -1 -6 0 0 -1 
-469 388 539 -40 0 -50  30 -80 -701 1968 -2265 -11968  0 -1 -7 0 0 -1 
-469 388 544 -40 0 -50  30 -80 -701 1968 -2265 -11968  0 -1 -7 0 0 -1 
-469 387 548 -40 0 -50  -11 -101 -606 559 -1621 -13925  0 -1 -6 0 0 -1 
-469 386 554 -16 0 -74  -11 -101 -606 559 -1621 -13925  0 -1 -6 0 0 -1 
-470 386 557 45 0 -135  7 -145 -489 -202 -2064 -12003  0 -1 -5 0 0 -1 
-469 385 561 0 0 -90  -30 -87 -487 103 -2842 -9778  0 -1 -5 0 0 -1 
-469 384 566 12 0 -102  -30 -87 -487 103 -2842 -9778  0 -1 -5 0 0 -1 
-470 383 568 -12 0 -78  -30 -87 -487 -600 -1740 -9740  0 -1 -5 0 0 -1 
-469 382 573 -33 0 -57  -79 -36 -380 -649 -1689 -9633  -1 0 -4 0 0 -1 
-469 382 577 -38 0 -52  -79 -36 -380 -649 -1689 -9633  -1 0 -4 0 0 -1 
-469 382 579 -37 0 -53  -49 -61 -317 -1550 -745 -7537  0 -1 -3 0 0 -1 
-469 382 582 -35 0 -55  -33 -69 -264 -964 -1228 -6287  0 -1 -3 0 0 -1 
-469 382 584 -32 0 -58  -33 -69 -264 -964 -1228 -6287  0 -1 -3 0 0 -1 
-469 382 586 -34 0 -56  -33 -60 -320 -660 -1371 -5336  0 -1 -3 0 0 -1 
-469 382 589 -30 0 -60  -33 -60 -320 -660 -1200 -6400  0 -1 -3 0 0 -1 
-469 382 592 -30 0 -60  -31 -53 -316 -658 -1193 -6396  0 -1 -3 0 0 -1 
-469 382 595 -36 0 -54  -31 -53 -316 -658 -1193 -6396  0 -1 -3 0 0 -1 
-469 382 597 -36 0 -54  -30 -57 -286 -619 -1064 -6290  0 -1 -3 0 0 -1 
-469 382 600 -35 0 -55  -30 -57 -286 -600 -1140 -5720  0 -1 -3 0 0 -1 
-469 382 602 -35 0 -55  -30 -57 -286 -600 -1140 -5720  0 -1 -3 0 0 -1 
-469 382 604 -35 0 -55  -38 -51 -340 -608 -1134 -5774  0 -1 -3 0 0 -1 
-469 382 607 -34 0 -56  -39 -67 -278 -761 -1036 -6738  0 -1 -3 0 0 -1 
-469 382 610 -39 0 -51  -39 -67 -278 -761 -1036 -6738  0 -1 -3 0 0 -1 
-470 382 612 -39 0 -51  -36 -72 -287 -777 -1345 -5569  0 -1 -3 0 0 -1 
-469 382 614 -39 0 -51  -36 -72 -287 -720 -1440 -5740  0 -1 -3 0 0 -1 
-469 382 617 -39 0 -51  -24 -59 -317 -708 -1427 -5770  0 -1 -3 0 0 -1 
-469 382 620 -39 0 -51  -24 -59 -317 -708 -1427 -5770  0 -1 -3 0 0 -1 
-470 382 622 -39 0 -51  -22 -79 -259 -478 -1200 -6282  0 -1 -3 0 0 -1 
-469 382 624 -39 0 -51  -30 -76 -306 -448 -1577 -5227  0 -1 -3 0 0 -1 
-469 382 627 -39 0 -51  -30 -76 -306 -448 -1577 -5227  0 -1 -3 0 0 -1 
-469 382 629 -39 0 -51  -30 -76 -306 -600 -1520 -6120  0 -1 -3 0 0 -1 
-469 382 632 -39 0 -51  -28 -79 -281 -598 -1523 -6095  0 -1 -3 0 0 -1 
-469 382 634 -42 0 -48  -28 -79 -281 -598 -1523 -6095  0 -1 -3 0 0 -1 
-469 382 636 -39 0 -51  -13 -77 -258 -545 -1578 -5597  0 -1 -3 0 0 -1 
-469 382 638 -39 0 -51  -13 -77 -258 -260 -1540 -5160  0 -1 -3 0 0 -1 
-469 382 641 -39 0 -51  -13 -77 -258 -260 -1540 -5160  0 -1 -3 0 0 -1 
-470 382 643 -39 0 -51  -10 -80 -288 -257 -1543 -5190  0 -1 -3 0 0 -1 
-469 382 645 -39 0 -51  -20 -76 -267 -210 -1596 -5739  0 -1 -3 0 0 -1 
-469 382 648 141 0 129  -18 -81 -287 -398 -1525 -5360  0 -1 -3 0 0 -1 
-470 382 650 -39 0 -51  -18 -81 -287 -398 -1525 -5360  0 -1 -3 0 0 -1 
-469 382 652 -39 0 -51  -18 -81 -287 -360 -1620 -5740  0 -1 -3 0 0 -1 
-469 382 655 -39 0 -51  -18 -81 -287 -360 -1620 -5740  0 -1 -3 0 0 -1 
-469 382 657 -39 0 -51  -18 -81 -287 -360 -1620 -5740  0 -1 -3 0 0 -1 
-469 382 659 -43 0 -47  -32 -73 -223 -583 -1194 -5733  0 -1 -2 0 0 -1 
-470 382 661 141 0 129  -17 -86 -292 -625 -1473 -4529  0 -1 -3 0 0 0 
-469 382 663 141 0 129  -17 -86 -292 -625 -1473 -4529  0 -1 -3 0 0 0 
-469 381 666 -39 0 -51  -17 -86 -292 -340 -1720 -5840  0 -1 -3 0 0 -1 
-469 380 668 -39 0 -51  4 -37 -99 -319 -1671 -5647  0 0 -1 0 0 -1 
-469 380 669 141 0 129  -3 -31 -62 73 -734 -1943  0 0 -1 0 0 0 
-470 380 670 -39 0 -51  -6 -46 -79 -120 -920 -1580  0 0 -1 0 0 0 
-470 380 670 -39 0 -51  -6 -46 -79 -120 -920 -1580  0 0 -1 0 0 0 
-470 380 670 -39 0 -51  -5 -45 -94 -119 -919 -1595  0 0 -1 0 0 0 
-469 380 671 -39 0 -51  -5 -45 -94 -100 -900 -1880  0 0 -1 0 0 0 
-469 380 672 -39 0 -51  -13 -53 -73 -108 -908 -1859  0 -1 -1 0 0 0 
-470 380 672 -90 0 0  -13 -53 -73 -260 -1060 -1460  0 -1 -1 0 0 0 
-469 380 672 -39 0 -51  -3 -44 -53 -60 -880 -1060  0 0 -1 0 0 0 
-469 380 672 -39 0 -51  -3 -44 -53 -60 -880 -1060  0 0 -1 0 0 0 
-469 380 672 -39 0 -51  -2 -42 -58 -59 -878 -1065  0 0 -1 0 0 0 
-469 380 672 -39 0 -51  -2 -42 -58 -40 -840 -1160  0 0 -1 0 0 0 
-469 380 672 -39 0 -51  0 -41 -52 0 -820 -1040  0 0 -1 0 0 0 
-469 380 672 -39 0 -51  0 -41 -52 0 -820 -1040  0 0 -1 0 0 0 
-469 380 672 -39 0 -51  -1 -43 -80 -20 -860 -1600  0 0 -1 0 0 0 
-469 380 672 -39 0 -51  -1 -43 -80 -20 -860 -1600  0 0 -1 0 0 0 
-469 380 672 -39 0 -51  -3 -45 -81 -60 -900 -1620  0 0 -1 0 0 0 
-469 380 672 -39 0 -51  -3 -45 -81 -60 -900 -1620  0 0 -1 0 0 0 
-469 380 672 -39 0 -51  -3 -44 -75 -60 -880 -1500  0 0 -1 0 0 0 
-469 380 672 -39 0 -51  -5 -40 -91 -62 -876 -1516  0 0 -1 0 0 0 
-469 380 673 -39 0 -51  -5 -40 -91 -100 -800 -1820  0 0 -1 0 0 0 
-469 380 674 -39 0 -51  -5 -40 -91 -100 -800 -1820  0 0 -1 0 0 0 
-469 380 675 -39 0 -51  -5 -40 -91 -100 -800 -1820  0 0 -1 0 0 0 
-470 380 675 -39 0 -51  -2 -45 -54 -40 -900 -1080  0 0 -1 0 0 0 
-470 380 675 -39 0 -51  -1 -45 -50 -20 -900 -1000  0 0 -1 0 0 0 
-470 380 675 -39 0 -51  -5 -44 -50 -24 -899 -1000  0 0 -1 0 0 0 
-470 380 675 -39 0 -51  -5 -44 -50 -100 -880 -1000  0 0 -1 0 0 0 
-469 380 675 -39 0 -51  -3 -41 -44 -98 -877 -994  0 0 0 0 0 0 
-469 380 675 -39 0 -51  -3 -41 -44 -60 -820 -880  0 0 0 0 0 0 
-469 380 675 -39 0 -51  -4 -44 -61 -61 -823 -897  0 0 -1 0 0 0 
-469 380 675 -39 0 -51  -4 -44 -61 -80 -880 -1220  0 0 -1 0 0 0 
-469 380 675 -39 0 -51  0 -44 -84 0 -880 -1680  0 0 -1 0 0 0 
-469 380 676 -39 0 -51  0 -44 -84 0 -880 -1680  0 0 -1 0 0 0 
-469 380 677 -90 0 0  0 -44 -84 0 -880 -1680  0 0 -1 0 0 0 
-469 380 677 -39 0 -51  -1 -45 -80 -20 -900 -1600  0 0 -1 0 0 0 
-469 380 677 -39 0 -51  -9 -44 -80 -180 -880 -1600  0 0 -1 0 0 0 
-469 380 677 -39 0 -51  -9 -44 -80 -180 -880 -1600  0 0 -1 0 0 0 
-469 380 677 -39 0 -51  -4 -42 -81 -80 -840 -1620  0 0 -1 0 0 0 
-469 380 677 -39 0 -51  -4 -42 -81 -80 -840 -1620  0 0 -1 0 0 0 
-469 380 677 -39 0 -51  -4 -43 -83 -80 -860 -1660  0 0 -1 0 0 0 
-469 380 677 -39 0 -51  -4 -43 -83 -80 -860 -1660  0 0 -1 0 0 0 
-469 380 677 -39 0 -51  -6 -42 -65 -120 -840 -1300  0 0 -1 0 0 0 
-469 380 677 -39 0 -51  -6 -42 -65 -120 -840 -1300  0 0 -1 0 0 0 
-469 380 677 -39 0 -51  -3 -43 -53 -60 -860 -1060  0 0 -1 0 0 0 
-469 380 677 -39 0 -51  -3 -43 -53 -60 -860 -1060  0 0 -1 0 0 0 
-469 380 677 -39 0 -51  -3 -44 -54 -60 -880 -1080  0 0 -1 0 0 0 
-469 380 677 -39 0 -51  -3 -43 -58 -60 -879 -1084  0 0 -1 0 0 0 
-469 380 677 -39 0 -51  -3 -43 -58 -60 -860 -1160  0 0 -1 0 0 0 
-469 380 677 -39 0 -51  -3 -44 -66 -60 -861 -1168  0 0 -1 0 0 0 
-469 380 677 -39 0 -51  -3 -44 -66 -60 -880 -1320  0 0 -1 0 0 0 
-469 380 677 -39 0 -51  -2 -45 -81 -59 -881 -1335  0 0 -1 0 0 0 
-469 380 677 -39 0 -51  -2 -45 -81 -40 -900 -1620  0 0 -1 0 0 0 
-469 380 677 -39 0 -51  -6 -44 -83 -44 -899 -1622  0 0 -1 0 0 0 
-469 380 677 -39 0 -51  -6 -44 -83 -120 -880 -1660  0 0 -1 0 0 0 
-469 380 677 -39 0 -51  -3 -44 -75 -117 -880 -1652  0 0 -1 0 0 0 
-469 380 677 -39 0 -51  -3 -44 -75 -60 -880 -1500  0 0 -1 0 0 0 
-469 380 677 -39 0 -51  -4 -42 -91 -61 -878 -1516  0 0 -1 0 0 0 
-469 380 678 141 0 129  -4 -42 -91 -80 -840 -1820  0 0 -1 0 0 0 
-469 380 679 141 0 129  -4 -42 -91 -80 -840 -1820  0 0 -1 0 0 0 
-469 380 680 -39 0 -51  -4 -42 -91 -80 -840 -1820  0 0 -1 0 0 0 
-470 380 681 -39 0 -51  -4 -38 -47 34 -760 -1510  0 0 0 0 0 0 
-470 380 681 -39 0 -51  -4 -38 -47 -80 -760 -940  0 0 0 0 0 0 
-470 380 681 -39 0 -51  2 -42 -56 40 -840 -1120  0 0 -1 0 0 0 
-470 380 681 -39 0 -51  2 -42 -56 40 -840 -1120  0 0 -1 0 0 0 
-469 380 681 -39 0 -51  -5 -43 -57 33 -841 -1121  0 0 -1 0 0 0 
-469 380 681 -39 0 -51  -5 -43 -57 -100 -860 -1140  0 0 -1 0 0 0 
-469 380 681 -39 0 -51  0 -43 -49 0 -860 -980  0 0 0 0 0 0 
-469 380 681 -39 0 -51  0 -43 -49 0 -860 -980  0 0 0 0 0 0 
-469 380 681 -39 0 -51  -5 -43 -83 -100 -860 -1660  0 0 -1 0 0 0 
-469 380 681 -39 0 -51  -5 -43 -83 -100 -860 -1660  0 0 -1 0 0 0 
-469 380 681 -39 0 -51  -1 -42 -82 -20 -840 -1640  0 0 -1 0 0 0 
-469 380 681 -39 0 -51  -5 -44 -82 -24 -842 -1640  0 0 -1 0 0 0 
-469 380 681 -39 0 -51  -5 -44 -82 -100 -880 -1640  0 0 -1 0 0 0 
-469 380 681 -39 0 -51  0 -45 -86 -95 -881 -1644  0 0 -1 0 0 0 
-469 380 681 -39 0 -51  0 -45 -86 0 -900 -1720  0 0 -1 0 0 0 
-469 380 682 -39 0 -51  0 -45 -86 0 -900 -1720  0 0 -1 0 0 0 
-469 380 683 -39 0 -51  -13 -55 -66 -13 -910 -1700  0 -1 -1 0 0 0 
-469 380 684 -39 0 -51  -9 -44 -52 -256 -1089 -1306  0 0 -1 0 0 0 
-469 380 684 -39 0 -51  -9 -44 -52 -180 -880 -1040  0 0 -1 0 0 0 
-469 380 684 -39 0 -51  -3 -41 -55 -174 -877 -1043  0 0 -1 0 0 0 
-469 380 684 -39 0 -51  -3 -41 -55 -60 -820 -1100  0 0 -1 0 0 0 
-469 380 684 -39 0 -51  -2 -45 -56 -40 -900 -1120  0 0 -1 0 0 0 
-469 380 684 -39 0 -51  -2 -45 -56 -40 -900 -1120  0 0 -1 0 0 0 
-469 380 684 -39 0 -51  -1 -42 -48 -20 -840 -960  0 0 0 0 0 0 
-469 380 684 -39 0 -51  -1 -42 -48 -20 -840 -960  0 0 0 0 0 0 
-469 380 684 -39 0 -51  -4 -47 -69 -80 -940 -1380  0 0 -1 0 0 0 
-469 380 684 -39 0 -51  -4 -47 -69 -80 -940 -1380  0 0 -1 0 0 0 
-469 380 684 -39 0 -51  0 -44 -83 0 -880 -1660  0 0 -1 0 0 0 
-469 380 684 -39 0 -51  0 -44 -83 0 -880 -1660  0 0 -1 0 0 0 
-469 380 684 141 0 129  -4 -43 -84 -4 -879 -1661  0 0 -1 0 0 0 
-470 380 685 141 0 129  -4 -43 -84 -80 -860 -1680  0 0 -1 0 0 0 
-469 380 686 141 0 129  6 -40 -71 -70 -857 -1667  0 0 -1 0 0 0 
-470 380 686 141 0 129  -9 -42 -80 105 -802 -1429  0 0 -1 0 0 0 
-469 380 686 -39 0 -51  -9 -42 -80 -180 -840 -1600  0 0 -1 0 0 0 
-469 380 686 -39 0 -51  -6 -43 -83 -177 -841 -1603  0 0 -1 0 0 0 
-469 380 686 -39 0 -51  -6 -43 -83 -120 -860 -1660  0 0 -1 0 0 0 
-469 380 686 -39 0 -51  -4 -44 -70 -118 -861 -1647  0 0 -1 0 0 0 
-469 380 686 -39 0 -51  -4 -44 -70 -80 -880 -1400  0 0 -1 0 0 0 
-469 380 686 -39 0 -51  -5 -43 -68 -81 -879 -1398  0 0 -1 0 0 0 
-469 380 686 -39 0 -51  -5 -43 -68 -100 -860 -1360  0 0 -1 0 0 0 
-469 380 686 -39 0 -51  -2 -43 -51 -97 -860 -1343  0 0 -1 0 0 0 
-469 380 686 -39 0 -51  -2 -43 -51 -40 -860 -1020  0 0 -1 0 0 0 
-469 380 686 -39 0 -51  -3 -43 -53 -60 -860 -1060  0 0 -1 0 0 0 
-469 380 686 -39 0 -51  -3 -43 -53 -60 -860 -1060  0 0 -1 0 0 0 
-469 380 686 -39 0 -51  -4 -45 -62 -80 -900 -1240  0 0 -1 0 0 0 
-469 380 686 -39 0 -51  -4 -45 -62 -80 -900 -1240  0 0 -1 0 0 0 
-469 380 686 -39 0 -51  -4 -42 -48 -80 -897 -1226  0 0 0 0 0 0 
-469 380 686 -39 0 -51  -4 -42 -48 -80 -840 -960  0 0 0 0 0 0 
-469 380 686 -39 0 -51  -2 -43 -72 -40 -860 -1440  0 0 -1 0 0 0 
-469 380 686 -39 0 -51  -2 -43 -72 -40 -860 -1440  0 0 -1 0 0 0 
-469 380 686 -39 0 -51  -2 -44 -80 -40 -880 -1600  0 0 -1 0 0 0 
-469 380 686 -39 0 -51  -2 -44 -80 -40 -880 -1600  0 0 -1 0 0 0 
-469 380 686 -39 0 -51  -3 -43 -76 -60 -860 -1520  0 0 -1 0 0 0 
-469 380 686 -39 0 -51  -3 -44 -86 -60 -861 -1530  0 0 -1 0 0 0 
-469 380 686 -39 0 -51  -3 -44 -86 -60 -861 -1530  0 0 -1 0 0 0 
-469 380 687 -39 0 -51  -3 -44 -86 -60 -880 -1720  0 0 -1 0 0 0 
-469 380 688 -39 0 -51  -3 -44 -86 -60 -880 -1720  0 0 -1 0 0 0 
-469 380 689 -39 0 -51  -7 -43 -72 -140 -860 -1440  0 0 -1 0 0 0 
-470 380 689 -39 0 -51  -2 -49 -57 -40 -980 -1140  0 0 -1 0 0 0 
-470 380 689 -39 0 -51  -2 -49 -57 -40 -980 -1140  0 0 -1 0 0 0 
-470 380 689 -39 0 -51  -4 -42 -56 -80 -840 -1120  0 0 -1 0 0 0 
-470 380 689 -39 0 -51  -4 -42 -56 -80 -840 -1120  0 0 -1 0 0 0 
-469 380 689 -39 0 -51  -4 -39 -41 -80 -780 -820  0 0 0 0 0 0 
-469 380 689 -39 0 -51  -2 -42 -56 -78 -783 -835  0 0 -1 0 0 0 
-469 380 689 -39 0 -51  -2 -42 -56 -40 -840 -1120  0 0 -1 0 0 0 
-469 380 689 -39 0 -51  -5 -43 -82 -43 -841 -1146  0 0 -1 0 0 0 
-469 380 689 -39 0 -51  -5 -43 -82 -100 -860 -1640  0 0 -1 0 0 0 
-469 380 689 -39 0 -51  -2 -45 -77 -97 -862 -1635  0 0 -1 0 0 0 
-469 380 689 -39 0 -51  -2 -45 -77 -40 -900 -1540  0 0 -1 0 0 0 
-469 380 689 -39 0 -51  -5 -42 -80 -43 -897 -1543  0 0 -1 0 0 0 
-469 380 689 -39 0 -51  -5 -42 -80 -100 -840 -1600  0 0 -1 0 0 0 
-469 380 689 -39 0 -51  -2 -44 -74 -97 -842 -1594  0 0 -1 0 0 0 
-469 380 689 -39 0 -51  -2 -44 -74 -40 -880 -1480  0 0 -1 0 0 0 
-469 380 689 -39 0 -51  -4 -44 -85 -42 -880 -1491  0 0 -1 0 0 0 
-469 380 689 -39 0 -51  -4 -44 -85 -80 -880 -1700  0 0 -1 0 0 0 
-469 380 690 -39 0 -51  -4 -44 -85 -80 -880 -1700  0 0 -1 0 0 0 
-469 380 691 -39 0 -51  -2 -44 -55 -40 -880 -1100  0 0 -1 0 0 0 
-470 380 691 -39 0 -51  -3 -43 -50 -41 -879 -1095  0 0 -1 0 0 0 
-470 380 691 -39 0 -51  -3 -43 -50 -60 -860 -1000  0 0 -1 0 0 0 
-470 380 691 -39 0 -51  -3 -46 -57 -60 -863 -1007  0 0 -1 0 0 0 
-469 380 691 -39 0 -51  -3 -46 -57 -60 -920 -1140  0 0 -1 0 0 0 
-469 380 691 -39 0 -51  -4 -44 -59 -80 -880 -1180  0 0 -1 0 0 0 
-469 380 691 -39 0 -51  -4 -44 -59 -80 -880 -1180  0 0 -1 0 0 0 
-469 380 691 -39 0 -51  -3 -45 -48 -60 -900 -960  0 0 0 0 0 0 
-469 380 691 -39 0 -51  -3 -45 -48 -60 -900 -960  0 0 0 0 0 0 
-469 380 691 -39 0 -51  -2 -46 -54 -40 -920 -1080  0 0 -1 0 0 0 
-469 380 691 -39 0 -51  0 -43 -80 -38 -917 -1106  0 0 -1 0 0 0 
-469 380 691 -39 0 -51  0 -43 -80 0 -860 -1600  0 0 -1 0 0 0 
-469 380 691 -39 0 -51  0 -43 -80 0 -860 -1600  0 0 -1 0 0 0 
-469 380 691 -39 0 -51  -4 -44 -81 -80 -880 -1620  0 0 -1 0 0 0 
-469 380 691 -39 0 -51  -4 -44 -81 -80 -880 -1620  0 0 -1 0 0 0 
-469 380 691 -39 0 -51  -7 -41 -78 -140 -820 -1560  0 0 -1 0 0 0 
-469 380 691 -39 0 -51  -4 -40 -91 -137 -819 -1573  0 0 -1 0 0 0 
-469 380 691 141 0 129  -4 -40 -91 -137 -819 -1573  0 0 -1 0 0 0 
-469 380 692 141 0 129  -4 -40 -91 -80 -800 -1820  0 0 -1 0 0 0 
-469 380 693 141 0 129  -4 -40 -91 -80 -800 -1820  0 0 -1 0 0 0 
-469 380 694 -39 0 -51  2 -41 -62 -112 -915 -955  0 0 -1 0 0 0 
-470 380 694 -39 0 -51  2 -41 -62 40 -820 -1240  0 0 -1 0 0 0 
-470 380 694 -39 0 -51  -3 -39 -51 35 -818 -1229  0 0 -1 0 0 0 
-469 380 694 -39 0 -51  -3 -39 -51 -60 -780 -1020  0 0 -1 0 0 0 
-469 380 694 -39 0 -51  -5 -38 -52 -62 -779 -1021  0 0 -1 0 0 0 
-469 380 694 -39 0 -51  -5 -38 -52 -100 -760 -1040  0 0 -1 0 0 0 
-469 380 694 -39 0 -51  -2 -43 -57 -97 -765 -1045  0 0 -1 0 0 0 
-469 380 694 -39 0 -51  -2 -43 -57 -40 -860 -1140  0 0 -1 0 0 0 
-469 380 694 -39 0 -51  -1 -42 -48 -39 -859 -1131  0 0 0 0 0 0 
-469 380 694 -39 0 -51  -1 -42 -48 -20 -840 -960  0 0 0 0 0 0 
-469 380 694 -39 0 -51  -1 -43 -72 -20 -841 -984  0 0 -1 0 0 0 
-469 380 694 -39 0 -51  -1 -43 -72 -20 -860 -1440  0 0 -1 0 0 0 
-469 380 694 -39 0 -51  -2 -44 -70 -40 -880 -1400  0 0 -1 0 0 0 
-469 380 694 -39 0 -51  -2 -44 -70 -40 -880 -1400  0 0 -1 0 0 0 
-469 380 694 -39 0 -51  -1 -45 -83 -20 -900 -1660  0 0 -1 0 0 0 
-469 380 694 -39 0 -51  -1 -45 -83 -20 -900 -1660  0 0 -1 0 0 0 
-469 380 694 -39 0 -51  -1 -46 -80 -20 -920 -1600  0 0 -1 0 0 0 
-469 380 694 -39 0 -51  -1 -46 -80 -20 -920 -1600  0 0 -1 0 0 0 
-469 380 694 -39 0 -51  -1 -44 -77 -20 -880 -1540  0 0 -1 0 0 0 
-469 380 694 -39 0 -51  -1 -44 -77 -20 -880 -1540  0 0 -1 0 0 0 
-469 380 694 141 0 129  -2 -42 -90 -21 -878 -1553  0 0 -1 0 0 0 
-469 380 695 141 0 129  -2 -42 -90 -40 -840 -1800  0 0 -1 0 0 0 
-469 380 696 -39 0 -51  -7 -47 -56 -45 -845 -1766  0 0 -1 0 0 0 
-470 380 696 -39 0 -51  -5 -45 -80 -138 -938 -1144  0 0 -1 0 0 0 
-470 380 696 141 0 129  -5 -45 -80 -100 -900 -1600  0 0 -1 0 0 0 
-470 380 696 -39 0 -51  -2 -42 -51 -97 -897 -1571  0 0 -1 0 0 0 
-470 380 696 -39 0 -51  -2 -42 -51 -40 -840 -1020  0 0 -1 0 0 0 
-469 380 696 -39 0 -51  -4 -43 -56 -42 -841 -1025  0 0 -1 0 0 0 
-469 380 696 -39 0 -51  -4 -43 -56 -80 -860 -1120  0 0 -1 0 0 0 
-469 380 696 -39 0 -51  -5 -42 -47 -81 -859 -1111  0 0 0 0 0 0 
-469 380 696 -39 0 -51  -5 -42 -47 -100 -840 -940  0 0 0 0 0 0 
-469 380 696 -39 0 -51  -2 -45 -69 -97 -843 -962  0 0 -1 0 0 0 
-469 380 696 -39 0 -51  -2 -45 -69 -40 -900 -1380  0 0 -1 0 0 0 
-469 380 696 -39 0 -51  -4 -39 -78 -42 -894 -1389  0 0 -1 0 0 0 
-469 380 696 -39 0 -51  -4 -39 -78 -80 -780 -1560  0 0 -1 0 0 0 
-469 380 696 -39 0 -51  -3 -41 -74 -79 -782 -1556  0 0 -1 0 0 0 
-469 380 696 -39 0 -51  -3 -41 -74 -60 -820 -1480  0 0 -1 0 0 0 
-469 380 696 -39 0 -51  -5 -43 -87 -62 -822 -1493  0 0 -1 0 0 0 
-469 380 697 -39 0 -51  -5 -43 -87 -100 -860 -1740  0 0 -1 0 0 0 
-470 380 698 141 0 129  -5 -43 -87 -100 -860 -1740  0 0 -1 0 0 0 
-470 380 699 143 0 127  -17 -70 -72 -112 -887 -1725  0 -1 -1 0 0 0 
-470 380 699 142 0 128  -32 -82 74 -640 -1640 1480  0 -1 1 0 0 0 
-470 380 699 142 0 128  -32 -82 74 -640 -1640 1480  0 -1 1 0 0 0 
-470 380 699 146 0 124  25 -80 409 -583 -1638 1815  0 -1 4 0 0 0 
-470 380 695 -48 0 -42  25 -80 409 -583 -1638 1815  0 -1 4 0 0 0 
-469 380 693 -54 0 -36  25 -80 409 -583 -1638 1815  0 -1 4 0 0 1 
-469 380 690 -47 0 -43  123 -83 512 598 -1603 8283  1 -1 5 0 0 1 
-471 380 685 -42 0 -48  123 -83 512 598 -1603 8283  1 -1 5 0 0 1 
-471 380 683 -39 0 -51  124 -73 563 2461 -1650 10291  1 -1 6 0 0 1 
-472 380 678 -39 0 -51  124 -73 563 2461 -1650 10291  1 -1 6 0 0 1 
-473 380 675 -32 0 -58  124 -73 563 2480 -1460 11260  1 -1 6 0 0 1 
-474 380 671 -34 0 -56  103 -95 592 2459 -1482 11289  1 -1 6 0 0 1 
-475 379 665 -35 0 -55  103 -95 592 2459 -1482 11289  1 -1 6 0 0 1 
-475 379 663 -31 0 -59  15 -117 539 1972 -1922 11787  0 -1 5 0 0 1 
-475 378 658 -33 0 -57  15 -117 539 1972 -1922 11787  0 -1 5 0 0 1 
-475 377 656 -3 0 -87  -80 -163 420 205 -2386 10661  -1 -2 4 0 0 1 
-475 376 652 -35 0 -55  -167 -212 334 -1687 -3309 8314  -2 -2 3 0 0 1 
-474 374 649 -34 0 -56  -167 -212 334 -1687 -3309 8314  -2 -2 3 0 0 1 
-473 373 648 -33 0 -57  -172 -224 253 -3345 -4252 6599  -2 -2 3 0 0 1 
-471 371 645 -29 0 -61  -172 -224 253 -3345 -4252 6599  -2 -2 3 0 0 1 
-470 370 644 128 0 142  -192 -248 195 -3460 -4504 5002  -2 -2 2 0 0 1 
-469 368 642 -30 0 -60  -192 -248 195 -3840 -4960 3900  -2 -2 2 0 0 0 
-467 366 640 -32 0 -58  -192 -248 195 -3840 -4960 3900  -2 -2 2 0 0 0 
-466 364 639 -19 0 -71  -170 -212 137 -3818 -4924 3842  -2 -2 1 0 0 0 
-464 362 638 -36 0 -54  -181 -221 69 -3411 -4249 2672  -2 -2 1 0 0 0 
-463 360 638 -34 0 -56  -181 -221 69 -3411 -4249 2672  -2 -2 1 0 0 0 
-462 359 638 -29 0 -61  -197 -194 54 -3636 -4393 1365  -2 -2 1 0 0 0 
-460 357 638 -33 0 -57  -252 -282 -16 -3995 -3968 1010  -3 -3 0 0 0 0 
-458 355 638 -35 0 -55  -252 -282 -16 -3995 -3968 1010  -3 -3 0 0 0 0 
-456 353 638 -32 0 -58  -252 -282 -16 -5040 -5640 -320  -3 -3 0 -1 -1 0 
-454 351 638 -36 0 -54  -345 -306 -36 -5133 -5664 -340  -3 -3 0 -1 -1 0 
-451 348 638 23 0 -113  -345 -306 -36 -5133 -5664 -340  -3 -3 0 -1 -1 0 
-450 347 638 -23 0 -67  -469 -374 -4 -7024 -6188 -688  -5 -4 0 -1 -1 0 
-445 343 638 -35 0 -55  -469 -374 -4 -7024 -6188 -688  -5 -4 0 -1 -1 0 
-444 342 638 127 0 143  -413 -351 -1 -9324 -7457 -77  -4 -4 0 -1 -1 0 
-440 339 638 -30 0 -60  -413 -351 -1 -9324 -7457 -77  -4 -4 0 -1 -1 0 
-438 337 638 145 0 125  -494 -385 -66 -8341 -7054 -85  -5 -4 -1 -1 -1 0 
-434 334 638 145 0 125  -494 -385 -66 -8341 -7054 -85  -5 -4 -1 -1 -1 0 
-432 332 638 146 0 124  -444 -362 -88 -9830 -7677 -1342  -4 -4 -1 -1 -1 0 
-429 330 639 145 0 125  -24 -60 -86 -8460 -6938 -1758  0 -1 -1 -1 -1 0 
-428 329 640 146 0 124  -24 -60 -86 -8460 -6938 -1758  0 -1 -1 -1 -1 0 
-427 328 640 143 0 127  -24 -60 -86 -8460 -6938 -1758  0 -1 -1 0 0 0 
-428 328 641 143 0 127  188 101 -47 -268 -1039 -1681  2 1 0 0 0 0 
-429 328 641 145 0 125  252 163 -51 3824 2082 -944  3 2 -1 0 0 0 
-432 330 641 145 0 125  252 163 -51 5040 3260 -1020  3 2 -1 1 0 0 
-434 331 641 143 0 127  252 163 -51 5040 3260 -1020  3 2 -1 1 0 0 
-435 332 641 143 0 127  445 314 -30 5233 3411 -999  4 3 0 1 0 0 
-440 335 641 -41 0 -49  445 314 -30 5233 3411 -999  4 3 0 1 0 0 
-442 337 641 -37 0 -53  432 316 -39 8887 6282 -609  4 3 0 1 1 0 
-445 339 641 -37 0 -53  390 285 -13 8598 6289 -754  4 3 0 1 1 0 
-449 342 641 -41 0 -49  390 285 -13 8598 6289 -754  4 3 0 1 1 0 
-450 343 641 -42 0 -48  402 269 -1 7812 5684 -248  4 3 0 1 1 0 
-454 346 641 -38 0 -52  402 269 -1 7812 5684 -248  4 3 0 1 1 0 
-456 347 641 -37 0 -53  402 269 -1 8040 5380 -20  4 3 0 1 1 0 
-460 349 641 -33 0 -57  385 222 1 8023 5333 -18  4 2 0 1 1 0 
-463 351 641 -28 0 -62  385 222 1 8023 5333 -18  4 2 0 1 1 0 
-465 352 641 -29 0 -61  34 -70 -35 7349 4148 -16  0 -1 0 1 0 0 
-465 352 641 -1 0 -89  -47 -68 -95 599 -1398 -760  0 -1 -1 0 0 0 
-465 352 643 -33 0 -57  -47 -68 -95 -940 -1360 -1900  0 -1 -1 0 0 0 
-465 352 643 -33 0 -57  -3 -44 -81 -60 -880 -1620  0 0 -1 0 0 0 
-465 352 644 -33 0 -57  -1 -39 -85 -20 -780 -1700  0 0 -1 0 0 0 
-465 352 645 -32 0 -58  -1 -39 -85 -20 -780 -1700  0 0 -1 0 0 0 
-465 352 646 -25 0 -65  -4 -42 -79 -23 -783 -1694  0 0 -1 0 0 0 
-465 352 646 -31 0 -59  -7 -44 -86 -83 -842 -1587  0 0 -1 0 0 0 
-465 352 647 -28 0 -62  -7 -44 -86 -140 -880 -1720  0 0 -1 0 0 0 
-465 352 648 -31 0 -59  -7 -44 -86 -140 -880 -1720  0 0 -1 0 0 0 
-465 352 649 -33 0 -57  -2 -44 -43 -135 -880 -1677  0 0 0 0 0 0 
-465 352 649 -34 0 -56  -8 -46 -44 -46 -882 -861  0 0 0 0 0 0 
-465 352 649 -34 0 -56  -8 -46 -44 -160 -920 -880  0 0 0 0 0 0 
-465 352 649 -34 0 -56  -2 -43 -55 -40 -860 -1100  0 0 -1 0 0 0 
-465 352 649 -33 0 -57  -2 -43 -55 -40 -860 -1100  0 0 -1 0 0 0 
-465 352 649 -28 0 -62  -12 -52 -48 -50 -869 -1093  0 -1 0 0 0 0 
-465 352 649 -6 0 -84  -12 -52 -48 -240 -1040 -960  0 -1 0 0 0 0 
-465 352 649 -12 0 -78  -158 -103 -208 -386 -1091 -1120  -2 -1 -2 0 0 0 
-464 351 651 -17 0 -73  -158 -103 -208 -3160 -2060 -4160  -2 -1 -2 0 0 0 
-463 350 653 -22 0 -68  -158 -103 -208 -3160 -2060 -4160  -2 -1 -2 0 0 0 
-461 350 656 -27 0 -63  -374 -56 -873 -3376 -2013 -4825  -4 -1 -9 0 0 0 
-458 350 663 -27 0 -63  -374 -56 -873 -3376 -2013 -4825  -4 -1 -9 0 0 0 
-457 350 665 -18 0 -72  -374 -56 -873 -7480 -1120 -17460  -4 -1 -9 -1 0 -2 
-454 350 672 23 0 -114  -374 -56 -873 -7480 -1120 -17460  -4 -1 -9 -1 0 -2 
-453 350 674 157 0 113  -452 -47 -1201 -7558 -1111 -17788  -5 0 -12 -1 0 -2 
-450 350 683 172 0 98  -452 -47 -1201 -7558 -1111 -17788  -5 0 -12 -1 0 -2 
-448 350 687 168 0 102  -741 -113 -1350 -9329 -1006 -24169  -7 -1 -14 -1 0 -2 
-446 350 691 166 0 104  -741 -113 -1350 -9329 -1006 -24169  -7 -1 -14 -1 0 -2 
-441 349 701 162 0 108  -741 -113 -1350 -9329 -1006 -24169  -7 -1 -14 -1 0 -2 
-440 348 703 148 0 122  -680 -130 -1182 -14759 -2277 -26832  -7 -1 -12 -1 0 -3 
-436 348 711 142 0 128  -680 -130 -1182 -14759 -2277 -26832  -7 -1 -12 -1 0 -3 
-432 347 717 141 0 129  -680 -130 -1182 -14759 -2277 -26832  -7 -1 -12 -1 0 -3 
-431 347 719 146 0 124  -680 -130 -1182 -14759 -2277 -26832  0 0 -1 -1 0 -2 
-430 347 721 150 0 120  -60 -51 163 -193 -792 -1452  -1 -1 2 0 0 0 
-430 347 720 173 0 97  8 -14 370 -1132 -983 3467  0 0 4 0 0 0 
-430 347 717 -50 0 -40  8 -14 370 -1132 -983 3467  0 0 4 0 0 0 
-430 347 715 -50 0 -40  8 -14 370 160 -280 7400  0 0 4 0 0 1 
-430 347 712 -60 0 -30  8 -14 370 160 -280 7400  0 0 4 0 0 1 
-430 347 709 -158 0 68  120 24 563 272 -242 7593  1 0 6 0 0 1 
-431 347 705 150 0 120  176 35 628 2456 491 11325  2 0 6 0 0 1 
-433 347 700 -39 0 -51  176 35 628 2456 491 11325  2 0 6 0 0 1 
-433 347 697 -39 0 -51  265 42 700 3609 707 12632  3 0 7 0 0 1 
-436 347 691 -34 0 -56  265 42 700 3609 707 12632  3 0 7 0 0 1 
-437 347 688 -31 0 -59  233 37 577 5268 835 13877  2 0 6 1 0 1 
-439 347 683 -33 0 -57  233 37 577 5268 835 13877  2 0 6 1 0 1 
-440 347 680 -15 0 -75  169 23 435 4596 726 11398  2 0 4 0 0 1 
-441 347 676 -30 0 -60  108 19 340 3319 456 8605  1 0 3 0 0 1 
-443 347 673 142 0 128  108 19 340 3319 456 8605  1 0 3 0 0 1 
-443 347 670 142 0 128  108 19 340 2160 380 6800  1 0 3 0 0 1 
-444 347 668 156 0 114  134 31 358 2186 392 6818  1 0 4 0 0 1 
-445 347 664 -41 0 -49  215 14 427 2761 603 7229  2 0 4 0 0 1 
-447 347 660 -63 0 -27  215 14 427 2761 603 7229  2 0 4 0 0 1 
-449 347 658 168 0 102  193 0 364 4278 266 8477  2 0 4 0 0 1 
-450 347 654 -170 0 80  193 0 364 3860 0 7280  2 0 4 0 0 1 
-452 347 651 -32 0 -58  193 0 364 3860 0 7280  2 0 4 0 0 1 
-454 347 648 -30 0 -60  199 16 449 3866 16 7365  2 0 4 0 0 1 
-455 347 645 -32 0 -58  191 14 403 3972 318 8934  2 0 4 0 0 1 
-457 347 640 -39 0 -51  -36 -29 27 3593 237 7684  0 0 0 0 0 1 
-457 347 639 -166 0 76  -36 -29 27 3593 237 7684  0 0 0 0 0 1 
-458 347 639 164 0 106  54 -63 19 1080 -1260 380  1 -1 0 0 0 0 
-457 347 639 -55 0 -35  -8 -142 -40 1018 -1339 321  0 -1 0 0 0 0 
-457 346 639 152 0 118  -8 -142 -40 -160 -2840 -800  0 -1 0 0 0 0 
-457 344 639 143 0 127  -8 -142 -40 -160 -2840 -800  0 -1 0 0 0 0 
-457 342 639 -37 0 -53  35 -60 -47 -117 -2758 -807  0 -1 0 0 0 0 
-457 342 639 -37 0 -53  9 -40 -78 674 -1180 -971  0 0 -1 0 0 0 
-457 342 639 -37 0 -53  9 -40 -78 180 -800 -1560  0 0 -1 0 0 0 
-457 342 639 -37 0 -53  -6 -43 -78 165 -803 -1560  0 0 -1 0 0 0 
-457 342 639 -37 0 -53  -6 -43 -78 -120 -860 -1560  0 0 -1 0 0 0 
-457 342 639 -37 0 -53  -1 -43 -77 -20 -860 -1540  0 0 -1 0 0 0 
-457 342 639 -37 0 -53  -1 -43 -77 -20 -860 -1540  0 0 -1 0 0 0 
-457 342 639 -37 0 -53  1 -46 -72 20 -920 -1440  0 0 -1 0 0 0 
-457 342 639 -37 0 -53  1 -46 -72 20 -920 -1440  0 0 -1 0 0 0 
-457 342 639 -37 0 -53  -5 -33 -79 14 -907 -1447  0 0 -1 0 0 0 
-457 342 639 -37 0 -53  -5 -33 -79 -100 -660 -1580  0 0 -1 0 0 0 
-457 342 639 -37 0 -53  0 -42 -65 0 -840 -1300  0 0 -1 0 0 0 
-457 342 639 -37 0 -53  0 -42 -65 0 -840 -1300  0 0 -1 0 0 0 
-457 342 639 -47 0 -43  7 -42 -66 140 -840 -1320  0 0 -1 0 0 0 
-457 342 639 -48 0 -42  7 -42 -66 140 -840 -1320  0 0 -1 0 0 0 
-457 342 639 -54 0 -36  36 -71 -64 720 -1420 -1280  0 -1 -1 0 0 0 
-457 342 639 -129 0 39  152 -7 3 836 -1356 -1213  2 0 0 0 0 0 
-458 342 639 146 0 124  152 -7 3 836 -1356 -1213  2 0 0 0 0 0 
-460 342 638 143 0 127  152 -7 3 3040 -140 60  2 0 0 0 0 0 
-462 342 639 143 0 127  152 -7 3 3040 -140 60  2 0 0 0 0 0 
-463 342 638 142 0 128  278 58 158 3166 -75 215  3 1 2 0 0 0 
-466 342 637 141 0 129  304 126 232 5586 1228 3234  3 1 2 1 0 0 
-469 343 635 142 0 128  304 126 232 5586 1228 3234  3 1 2 1 0 0 
-470 344 634 126 0 144  304 126 232 6080 2520 4640  3 1 2 1 0 0 
-473 345 632 133 0 137  346 146 289 6122 2540 4697  3 1 3 1 0 0 
-476 346 629 129 0 141  346 146 289 6122 2540 4697  3 1 3 1 0 0 
-479 347 627 -31 0 -59  308 137 272 6882 2911 5763  3 1 3 1 0 1 
-481 348 625 -17 0 -73  349 204 290 6201 2807 5458  3 2 3 1 0 1 
-484 350 622 130 0 140  349 204 290 6201 2807 5458  3 2 3 1 0 1 
-486 351 621 -29 0 -61  349 204 290 6980 4080 5800  3 2 3 1 0 1 
-489 353 618 137 0 133  296 189 254 6927 4065 5764  3 2 3 1 0 1 
-492 355 616 -18 0 -72  296 189 254 6927 4065 5764  3 2 3 1 0 1 
-493 356 615 -33 0 -57  267 121 231 5891 3712 5057  3 1 2 1 0 1 
-496 357 612 -30 0 -60  268 160 243 5341 2459 4632  3 2 2 1 0 0 
-498 358 610 -24 0 -66  268 160 243 5341 2459 4632  3 2 2 1 0 0 
-500 359 609 -26 0 -64  268 160 243 5360 3200 4860  3 2 2 1 0 0 
-502 361 606 -36 0 -54  258 130 236 5350 3170 4853  3 1 2 1 0 0 
-504 362 605 -36 0 -54  258 130 236 5350 3170 4853  3 1 2 1 0 0 
-506 362 603 -44 0 -46  197 95 149 5099 2565 4633  2 1 1 1 0 0 
-508 363 602 -142 0 52  195 73 90 3938 1878 2921  2 1 1 0 0 0 
-510 363 601 -65 0 -25  195 73 90 3938 1878 2921  2 1 1 0 0 0 
-511 363 600 -42 0 -48  195 73 90 3900 1460 1800  2 1 1 0 0 0 
-513 363 599 -65 0 -25  263 43 98 3968 1430 1808  3 0 1 0 0 0 
-515 363 598 -50 0 -40  222 9 81 5219 826 1943  2 0 1 1 0 0 
-518 363 597 -43 0 -47  222 9 81 5219 826 1943  2 0 1 1 0 0 
-519 363 597 -39 0 -51  222 9 81 4440 180 1620  2 0 1 0 0 0 
-521 363 597 -38 0 -52  265 1 94 4483 172 1633  3 0 1 0 0 0 
-524 363 596 153 0 117  265 1 94 4483 172 1633  3 0 1 0 0 0 
-525 363 596 -37 0 -53  190 -10 73 5225 9 1859  2 0 1 1 0 0 
-527 363 596 -38 0 -52  244 -5 80 3854 -195 1467  2 0 1 0 0 0 
-529 363 596 -46 0 -44  244 -5 80 4880 -100 1600  2 0 1 0 0 0 
-532 363 596 -73 0 -17  244 -5 80 4880 -100 1600  2 0 1 0 0 0 
-533 363 596 -39 0 -51  193 -24 74 4829 -119 1594  2 0 1 0 0 0 
-535 363 596 -40 0 -50  233 -24 68 3900 -480 1474  2 0 1 0 0 0 
-537 363 596 154 0 116  233 -24 68 4660 -480 1360  2 0 1 0 0 0 
-540 363 596 160 0 110  233 -24 68 4660 -480 1360  2 0 1 0 0 0 
-541 363 596 -34 0 -56  224 -51 63 4651 -507 1355  2 -1 1 0 0 0 
-543 363 596 157 0 113  209 -29 41 4465 -998 1238  2 0 0 0 0 0 
-545 363 596 155 0 115  209 -29 41 4180 -580 820  2 0 0 0 0 0 
-547 363 596 146 0 124  209 -29 41 4180 -580 820  2 0 0 0 0 0 
-549 363 596 -34 0 -57  246 -37 53 4217 -588 832  2 0 1 0 0 0 
-551 363 596 -33 0 -57  245 -29 68 4919 -732 1075  2 0 1 0 0 0 
-554 363 596 140 0 130  237 -23 82 4892 -574 1374  2 0 1 0 0 0 
-556 363 596 -19 0 -71  237 -23 82 4892 -574 1374  2 0 1 0 0 0 
-557 363 596 -25 0 -65  237 -23 82 4740 -460 1640  2 0 1 0 0 0 
-560 363 596 -23 0 -67  214 8 86 4717 -429 1644  2 0 1 0 0 0 
-562 363 595 140 0 130  214 8 86 4717 -429 1644  2 0 1 0 0 0 
-563 363 594 -22 0 -68  245 20 118 4311 172 1752  2 0 1 0 0 0 
-565 363 594 -20 0 -70  245 20 118 4900 400 2360  2 0 1 0 0 0 
-568 363 592 134 0 136  202 40 121 4857 420 2363  2 0 1 0 0 0 
-570 363 591 -22 0 -68  202 40 121 4857 420 2363  2 0 1 0 0 0 
-572 363 590 -25 0 -65  249 36 137 4087 796 2436  2 0 1 0 0 0 
-574 363 589 -32 0 -58  208 24 112 4939 708 2715  2 0 1 0 0 0 
-576 363 588 -32 0 -58  208 24 112 4160 480 2240  2 0 1 0 0 0 
-578 363 587 -32 0 -58  208 24 112 4160 480 2240  2 0 1 0 0 0 
-579 363 586 -32 0 -58  223 24 126 4175 480 2254  2 0 1 0 0 0 
-581 363 585 -32 0 -58  208 -6 79 4445 450 2473  2 0 1 0 0 0 
-584 363 584 -32 0 -58  208 -6 79 4160 -120 1580  2 0 1 0 0 0 
-586 363 584 -32 0 -58  208 -6 79 4160 -120 1580  2 0 1 0 0 0 
-587 363 584 -27 0 -63  185 -4 61 4137 -118 1562  2 0 1 0 0 0 
-589 363 584 -32 0 -58  192 -8 40 3707 -84 1199  2 0 0 0 0 0 
-591 363 584 148 0 122  192 -8 40 3840 -160 800  2 0 0 0 0 0 
-592 363 584 -32 0 -58  192 -8 40 3840 -160 800  2 0 0 0 0 0 
-594 363 584 -28 0 -62  156 9 29 3804 -143 789  2 0 0 0 0 0 
-595 363 584 -26 0 -64  200 -15 24 3164 156 575  2 0 0 0 0 0 
-597 363 584 -31 0 -59  200 -15 24 4000 -300 480  2 0 0 0 0 0 
-599 363 584 -31 0 -59  200 -15 24 4000 -300 480  2 0 0 0 0 0 
-600 363 584 8 0 -98  135 8 -20 3935 -277 436  1 0 0 0 0 0 
-602 363 584 149 0 121  167 -16 -22 2732 136 -402  2 0 0 0 0 0 
-603 363 584 149 0 121  167 -16 -22 3340 -320 -440  2 0 0 0 0 0 
-605 363 584 149 0 121  167 -16 -22 3340 -320 -440  2 0 0 0 0 0 
-607 363 584 -14 0 -76  196 18 51 3369 -286 -367  2 0 1 0 0 0 
-608 363 584 125 0 145  268 39 109 3992 381 1078  3 0 1 0 0 0 
-611 363 583 149 0 121  268 39 109 5360 780 2180  3 0 1 1 0 0 
-613 363 582 149 0 121  268 39 109 5360 780 2180  3 0 1 1 0 0 
-615 363 581 58 0 -148  223 59 108 5315 800 2179  2 1 1 1 0 0 
-617 363 580 149 0 121  279 39 137 4516 1160 2189  3 0 1 0 0 0 
-619 363 579 133 0 137  279 39 137 4516 1160 2189  3 0 1 0 0 0 
-621 363 578 -20 0 -70  216 48 122 5517 789 2725  2 0 1 1 0 0 
-623 363 577 90 0 -180  216 48 122 4320 960 2440  2 0 1 0 0 0 
-625 363 576 100 0 170  216 48 122 4320 960 2440  2 0 1 0 0 0 
-626 363 575 -12 0 -78  264 48 146 4368 960 2464  3 0 1 0 0 0 
-628 363 574 135 0 135  221 32 102 5237 944 2876  2 0 1 1 0 0 
-631 363 573 131 0 139  221 32 102 4420 640 2040  2 0 1 0 0 0 
-633 363 572 -13 0 -77  221 32 102 4420 640 2040  2 0 1 0 0 0 
-634 363 571 -20 0 -70  175 33 88 4374 641 2026  2 0 1 0 0 0 
-636 363 570 -4 0 -86  224 30 103 3549 657 1775  2 0 1 0 0 0 
-638 363 569 103 0 167  224 30 103 3549 657 1775  2 0 1 0 0 0 
-640 363 568 -21 0 -69  224 30 103 3549 657 1775  2 0 1 0 0 0 
-641 363 568 -22 0 -68  169 37 84 3380 740 1680  2 0 1 0 0 0 
-643 363 567 -12 0 -78  211 44 93 3422 747 1689  2 0 1 0 0 0 
-645 363 566 51 0 -141  175 29 87 4184 865 1854  2 0 1 0 0 0 
-647 363 565 -13 0 -77  175 29 87 4184 865 1854  2 0 1 0 0 0 
-648 363 564 -17 0 -73  175 29 87 3500 580 1740  2 0 1 0 0 0 
-650 363 564 126 0 144  199 38 115 3524 589 1768  2 0 1 0 0 0 
-652 363 563 151 0 119  195 19 92 3976 741 2277  2 0 1 0 0 0 
-653 363 562 151 0 119  195 19 92 3976 741 2277  2 0 1 0 0 0 
-655 363 561 -13 0 -77  195 19 92 3900 380 1840  2 0 1 0 0 0 
-657 363 560 34 0 -124  192 23 89 3897 384 1837  2 0 1 0 0 0 
-659 363 559 151 0 119  198 21 95 3846 458 1786  2 0 1 0 0 0 
-660 363 558 -5 0 -85  198 21 95 3846 458 1786  2 0 1 0 0 0 
-662 363 558 -26 0 -64  138 23 66 3900 422 1871  1 0 1 0 0 0 
-663 363 558 -29 0 -61  138 23 66 2760 460 1320  1 0 1 0 0 0 
-664 363 558 -29 0 -61  199 17 84 2821 454 1338  2 0 1 0 0 0 
-666 363 558 151 0 119  199 17 84 2821 454 1338  2 0 1 0 0 0 
-668 363 558 -21 0 -69  144 7 59 3925 330 1655  1 0 1 0 0 0 
-669 363 558 46 0 -136  144 7 59 2880 140 1180  1 0 1 0 0 0 
-670 363 558 3 0 -93  168 -6 42 2904 127 1163  2 0 0 0 0 0 
-672 363 558 -16 0 -74  168 -6 42 2904 127 1163  2 0 0 0 0 0 
-673 363 558 -24 0 -66  143 13 29 3335 -101 827  1 0 0 0 0 0 
-674 363 558 -24 0 -66  143 13 29 2860 260 580  1 0 0 0 0 0 
-676 363 558 -28 0 -62  192 7 58 2909 254 609  2 0 1 0 0 0 
-677 363 558 -28 0 -62  192 7 58 2909 254 609  2 0 1 0 0 0 
-679 363 558 -24 0 -66  149 10 34 3797 143 1136  1 0 0 0 0 0 
-680 363 558 -28 0 -62  149 10 34 2980 200 680  1 0 0 0 0 0 
-682 363 558 -28 0 -62  194 -6 54 3025 184 700  2 0 1 0 0 0 
-683 363 558 152 0 118  194 -6 54 3025 184 700  2 0 1 0 0 0 
-685 363 558 -28 0 -62  156 4 63 3842 -110 1089  2 0 1 0 0 0 
-686 363 558 -28 0 -62  156 4 63 3120 80 1260  2 0 1 0 0 0 
-687 363 558 152 0 118  156 4 63 3120 80 1260  2 0 1 0 0 0 
-689 363 558 -28 0 -62  194 -5 68 3158 71 1265  2 0 1 0 0 0 
-690 363 558 -28 0 -62  179 -7 59 3865 -102 1351  2 0 1 0 0 0 
-692 363 558 -28 0 -62  179 -7 59 3865 -102 1351  2 0 1 0 0 0 
-693 363 558 -28 0 -62  146 -5 26 3547 -138 1147  1 0 0 0 0 0 
-694 363 558 -28 0 -62  146 -5 26 2920 -100 520  1 0 0 0 0 0 
-696 363 558 -35 0 -55  167 -19 19 2941 -114 513  2 0 0 0 0 0 
-697 363 558 -40 0 -50  167 -19 19 2941 -114 513  2 0 0 0 0 0 
-698 363 558 -36 0 -55  151 -25 4 3324 -386 365  2 0 0 0 0 0 
-700 363 558 -43 0 -47  151 -25 4 3020 -500 80  2 0 0 0 0 0 
-701 363 558 -32 0 -58  151 -25 4 3020 -500 80  2 0 0 0 0 0 
-703 363 558 -30 0 -60  151 -25 4 3020 -500 80  2 0 0 0 0 0 
-704 363 558 178 0 92  206 -55 -24 4861 -720 242  2 -1 0 0 0 0 
-707 363 558 163 0 107  193 -41 -49 4107 -1086 -505  2 0 0 0 0 0 
-708 363 558 -37 0 -53  193 -41 -49 4107 -1086 -505  2 0 0 0 0 0 
-709 363 558 -52 0 -38  193 -41 -49 3860 -820 -980  2 0 0 0 0 0 
-711 363 558 -33 0 -57  223 -56 -67 3890 -835 -998  2 -1 -1 0 0 0 
-713 363 558 -37 0 -53  223 -56 -67 3890 -835 -998  2 -1 -1 0 0 0 
-715 363 558 -27 0 -63  178 -32 -24 4415 -1096 -1297  2 0 0 0 0 0 
-716 363 558 -27 0 -63  215 -17 9 3597 -625 -447  2 0 0 0 0 0 
-718 363 558 -21 0 -69  215 -17 9 3597 -625 -447  2 0 0 0 0 0 
-720 363 558 -19 0 -71  215 -17 9 4300 -340 180  2 0 0 0 0 0 
-721 363 558 -21 0 -69  147 -32 -25 4232 -355 146  1 0 0 0 0 0 
-723 363 558 6 0 -96  147 -32 -25 4232 -355 146  1 0 0 0 0 0 
-723 363 558 -12 0 -78  15 -34 -57 72 -775 -1121  0 0 -1 0 0 0 
-723 363 558 -12 0 -78  15 -34 -57 300 -680 -1140  0 0 -1 0 0 0 
-723 363 558 -14 0 -76  0 -41 -81 0 -820 -1620  0 0 -1 0 0 0 
-723 363 558 -14 0 -76  0 -41 -81 0 -820 -1620  0 0 -1 0 0 0 
-723 363 558 -14 0 -76  -9 -38 -74 -180 -760 -1480  0 0 -1 0 0 0 
-723 363 558 -14 0 -76  -9 -38 -74 -180 -760 -1480  0 0 -1 0 0 0 
-723 363 558 -18 0 -72  -6 -35 -64 -120 -700 -1280  0 0 -1 0 0 0 
-723 363 558 -13 0 -77  -6 -35 -64 -120 -700 -1280  0 0 -1 0 0 0 
-723 363 558 -14 0 -76  -20 -23 -54 -400 -460 -1080  0 0 -1 0 0 0 
-723 363 558 -27 0 -63  -20 -23 -54 -400 -460 -1080  0 0 -1 0 0 0 
-723 363 558 -20 0 -70  -31 -35 -54 -620 -700 -1080  0 0 -1 0 0 0 
-723 363 558 -63 0 -27  -31 -35 -54 -620 -700 -1080  0 0 -1 0 0 0 
-723 363 558 -59 0 -31  -31 -35 -54 -620 -700 -1080  -1 -1 0 0 0 0 
-723 361 558 -47 0 -43  -68 -142 -11 -1360 -2840 -220  -1 -1 0 0 0 0 
-723 360 558 -47 0 -43  -68 -142 -11 -1360 -2840 -220  -1 -1 0 0 0 0 
-723 358 558 -44 0 -46  -128 -449 25 -1420 -3147 -184  -1 -4 0 0 0 0 
-722 354 558 -39 0 -51  -128 -449 25 -1420 -3147 -184  -1 -4 0 0 0 0 
-721 352 558 134 0 136  -270 -675 92 -2702 -9206 567  -3 -7 1 0 -1 0 
-719 346 558 -22 0 -68  -270 -675 92 -2702 -9206 567  -3 -7 1 0 -1 0 
-718 344 558 116 0 154  -270 -675 92 -5400 -13500 1840  -3 -7 1 -1 -1 0 
-716 338 557 17 0 -107  -270 -675 92 -5400 -13500 1840  -3 -7 1 -1 -1 0 
-714 335 557 139 0 131  -360 -792 94 -5490 -13617 1842  -4 -8 1 -1 -1 0 
-712 329 556 73 0 -163  -360 -792 94 -5490 -13617 1842  -4 -8 1 -1 -1 0 
-711 327 556 143 0 127  -387 -689 105 -7227 -15737 1891  -4 -7 1 -1 -2 0 
-707 321 555 -11 0 -79  -387 -689 105 -7227 -15737 1891  -4 -7 1 -1 -2 0 
-706 319 554 150 0 120  -392 -463 87 -7745 -13554 2082  -4 -5 1 -1 -1 0 
-702 315 554 -24 0 -66  -392 -463 87 -7745 -13554 2082  -4 -5 1 -1 -1 0 
-701 313 553 156 0 114  -341 -401 79 -7789 -9198 1732  -3 -4 1 -1 -1 0 
-698 309 553 -28 0 -62  -319 -440 80 -6798 -8059 1581  -3 -4 1 -1 -1 0 
-696 306 553 156 0 114  -319 -440 80 -6798 -8059 1581  -3 -4 1 -1 -1 0 
-694 304 553 125 0 145  -319 -440 80 -6380 -8800 1600  -3 -4 1 -1 -1 0 
-691 300 553 1 0 -91  -319 -440 80 -6380 -8800 1600  -3 -4 1 -1 -1 0 
-690 298 553 143 0 127  -347 -473 36 -6408 -8833 1556  -3 -5 0 -1 -1 0 
-686 294 553 16 0 -106  -347 -473 36 -6408 -8833 1556  -3 -5 0 -1 -1 0 
-685 291 553 150 0 120  -342 -431 35 -6935 -9418 719  -3 -4 0 -1 -1 0 
-682 288 553 -16 0 -74  -297 -340 81 -6795 -8529 746  -3 -3 1 -1 -1 0 
-680 286 553 157 0 113  -297 -340 81 -6795 -8529 746  -3 -3 1 -1 -1 0 
-678 284 553 -23 0 -67  -276 -327 85 -5919 -6787 1624  -3 -3 1 -1 -1 0 
-676 280 553 -23 0 -67  -276 -327 85 -5919 -6787 1624  -3 -3 1 -1 -1 0 
-674 279 552 152 0 118  -260 -319 63 -5504 -6532 1678  -3 -3 1 -1 -1 0 
-672 276 552 -22 0 -68  -215 -211 62 -5155 -6272 1259  -2 -2 1 -1 -1 0 
-670 274 552 -22 0 -68  -215 -211 62 -5155 -6272 1259  -2 -2 1 -1 -1 0 
-669 273 552 150 0 120  -215 -211 62 -4300 -4220 1240  -2 -2 1 0 0 0 
-667 271 552 -22 0 -68  -211 -221 71 -4296 -4230 1249  -2 -2 1 0 0 0 
-665 269 552 -22 0 -68  -211 -221 71 -4296 -4230 1249  -2 -2 1 0 0 0 
-663 267 552 150 0 120  -255 -260 54 -4264 -4459 1403  -3 -3 1 0 0 0 
-661 265 552 -22 0 -68  -224 -260 34 -5069 -5200 1060  -2 -3 0 -1 -1 0 
-659 263 552 -22 0 -68  -224 -260 34 -5069 -5200 1060  -2 -3 0 -1 -1 0 
-658 261 552 146 0 124  -221 -186 66 -4477 -5126 712  -2 -2 1 0 -1 0 
-656 260 552 -22 0 -68  -221 -186 66 -4420 -3720 1320  -2 -2 1 0 0 0 
-654 258 552 -22 0 -68  -221 -186 66 -4420 -3720 1320  -2 -2 1 0 0 0 
-652 256 552 164 0 106  -276 -277 -4 -4475 -3811 1250  -3 -3 0 0 0 0 
-650 254 552 -158 0 68  -280 -274 34 -5524 -5537 -42  -3 -3 0 -1 -1 0 
-647 252 552 144 0 126  -280 -274 34 -5524 -5537 -42  -3 -3 0 -1 -1 0 
-646 250 552 142 0 128  -256 -293 15 -5576 -5499 661  -3 -3 0 -1 -1 0 
-643 247 552 24 0 -114  -256 -293 15 -5120 -5860 300  -3 -3 0 -1 -1 0 
-641 245 552 -10 0 -80  -256 -293 15 -5120 -5860 300  -3 -3 0 -1 -1 0 
-640 244 552 152 0 118  -173 -120 62 -5037 -5687 347  -2 -1 1 -1 -1 0 
-638 242 552 -21 0 -69  -80 -34 2 -3367 -2314 1180  -1 0 0 0 0 0 
-637 242 552 -12 0 -78  -5 -64 -52 -1525 -710 -14  0 -1 -1 0 0 0 
-637 242 552 41 0 -131  -40 -32 -36 -135 -1248 -1024  0 0 0 0 0 0 
-637 242 552 73 0 -163  -40 -32 -36 -800 -640 -720  0 0 0 0 0 0 
-637 242 552 72 0 -162  -206 138 43 -966 -470 -641  -2 1 0 0 0 0 
-635 243 552 43 0 -133  -206 138 43 -4120 2760 860  -2 1 0 0 0 0 
-633 244 552 57 0 -147  -206 138 43 -4120 2760 860  -2 1 0 0 0 0 
-631 246 552 97 0 173  -206 138 43 -4120 2760 860  -2 1 0 0 0 0 
-629 247 552 175 0 95  -294 225 84 -4208 2847 901  -3 2 1 0 0 0 
-627 249 552 -60 0 -30  -360 327 81 -5946 4602 1677  -4 3 1 -1 0 0 
-623 252 552 -54 0 -36  -360 327 81 -5946 4602 1677  -4 3 1 -1 0 0 
-621 254 552 -135 0 45  -360 327 81 -7200 6540 1620  -4 3 1 -1 1 0 
-618 257 552 -87 0 -3  -313 201 51 -7153 6414 1590  -3 2 1 -1 1 0 
-615 259 552 -97 0 7  -257 138 20 -6204 3957 989  -3 1 0 -1 0 0 
-612 261 552 -115 0 25  -257 138 20 -6204 3957 989  -3 1 0 -1 0 0 
-611 261 552 -81 0 -9  -34 -25 -18 -680 -500 -360  0 0 0 0 0 0 
-611 261 552 -64 0 -26  -43 -29 -86 -689 -504 -428  0 0 -1 0 0 0 
-611 261 552 -39 0 -51  -43 -29 -86 -860 -580 -1720  0 0 -1 0 0 0 
-611 261 553 157 0 113  -43 -29 -86 -860 -580 -1720  0 0 -1 0 0 0 
-611 261 554 152 0 118  0 -39 -56 0 -780 -1120  0 0 -1 0 0 0 
-611 261 554 -1 0 -89  -2 -38 -42 -40 -760 -840  0 0 0 0 0 0 
-611 261 554 -8 0 -82  -2 -38 -42 -40 -760 -840  0 0 0 0 0 0 
-611 261 554 -8 0 -82  -3 -42 -53 -60 -840 -1060  0 0 -1 0 0 0 
-611 261 555 -3 0 -87  -3 -42 -53 -60 -840 -1060  0 0 -1 0 0 0 
-611 261 555 10 0 -100  -4 -43 -41 -80 -860 -820  0 0 0 0 0 0 
-611 261 555 8 0 -98  -4 -43 -41 -80 -860 -820  0 0 0 0 0 0 
-611 261 555 33 0 -123  -17 -27 -68 -340 -540 -1360  0 0 -1 0 0 0 
-611 261 555 19 0 -109  -47 31 -192 -370 -482 -1484  0 0 -2 0 0 0 
-611 261 556 4 0 -94  -47 31 -192 -370 -482 -1484  0 0 -2 0 0 0 
-611 261 557 35 0 -125  -47 31 -192 -940 620 -3840  0 0 -2 0 0 0 
-611 261 559 8 0 -98  -47 31 -192 -940 620 -3840  0 0 -2 0 0 0 
-611 261 561 -47 0 -43  -25 57 -221 -918 646 -3869  0 1 -2 0 0 0 
-611 261 563 -86 0 -4  -25 57 -221 -918 646 -3869  0 1 -2 0 0 0 
-611 261 565 -38 0 -52  -8 77 -172 -483 1160 -4371  0 1 -2 0 0 0 
-611 261 566 -39 0 -51  -8 77 -172 -160 1540 -3440  0 1 -2 0 0 0 
-611 261 568 -41 0 -49  32 70 -187 -120 1533 -3455  0 1 -2 0 0 0 
-611 261 570 -38 0 -52  50 21 -142 658 1351 -3695  1 0 -1 0 0 0 
-611 261 572 -32 0 -58  50 21 -142 1000 420 -2840  1 0 -1 0 0 0 
-611 261 573 -35 0 -55  -8 -42 -85 942 357 -2783  0 0 -1 0 0 0 
-611 261 574 -34 0 -56  -8 -42 -85 -160 -840 -1700  0 0 -1 0 0 0 
-611 261 576 -72 0 -18  -1 -39 -46 -153 -837 -1661  0 0 0 0 0 0 
-611 261 576 -72 0 -18  50 -102 -31 31 -843 -905  1 -1 0 0 0 0 
-611 260 576 -34 0 -56  50 -102 -31 1000 -2040 -620  1 -1 0 0 0 0 
-611 259 576 -30 0 -60  57 -126 10 1007 -2064 -579  1 -1 0 0 0 0 
-611 257 576 -30 0 -60  57 -126 10 1140 -2520 200  1 -1 0 0 0 0 
-611 255 576 -17 0 -73  33 -137 12 1116 -2531 202  0 -1 0 0 0 0 
-611 254 576 4 0 -94  33 -137 12 660 -2740 240  0 -1 0 0 0 0 
-611 252 576 -11 0 -79  28 -115 7 655 -2718 235  0 -1 0 0 0 0 
-611 251 576 18 0 -108  28 -115 7 560 -2300 140  0 -1 0 0 0 0 
-611 249 576 10 0 -100  14 -96 -31 546 -2281 102  0 -1 0 0 0 0 
-611 248 576 3 0 -93  14 -96 -31 280 -1920 -620  0 -1 0 0 0 0 
-611 246 576 68 0 -158  14 -96 -31 280 -1920 -620  0 -1 0 0 0 0 
-611 245 576 -3 0 -87  -2 -40 -73 -40 -800 -1460  0 0 -1 0 0 0 
-611 245 576 -15 0 -75  6 -48 -77 120 -960 -1540  0 0 -1 0 0 0 
-611 245 576 -15 0 -75  6 -48 -77 120 -960 -1540  0 0 -1 0 0 0 
-611 245 576 153 0 117  6 -48 -77 120 -960 -1540  0 0 -1 0 0 0 
-611 245 577 145 0 125  -4 -40 -87 -80 -800 -1740  0 0 -1 0 0 0 
-611 245 578 144 0 126  -4 -40 -87 -80 -800 -1740  0 0 -1 0 0 0 
-611 245 579 -6 0 -84  -2 -45 -58 -78 -843 -1559  0 0 -1 0 0 0 
-611 245 579 -11 0 -79  -2 -45 -58 -40 -900 -1160  0 0 -1 0 0 0 
-611 245 579 -12 0 -78  -2 -45 -58 -40 -900 -1160  0 0 -1 0 0 0 
-611 245 579 -11 0 -79  -3 -44 -51 -60 -880 -1020  0 0 -1 0 0 0 
-611 245 579 -11 0 -79  -3 -44 -51 -60 -880 -1020  0 0 -1 0 0 0 
-611 245 579 -11 0 -79  -3 -42 -51 -60 -840 -1020  0 0 -1 0 0 0 
-611 245 579 -9 0 -82  -4 -43 -55 -61 -841 -1024  0 0 -1 0 0 0 
-611 245 579 -22 0 -68  -4 -43 -55 -80 -860 -1100  0 0 -1 0 0 0 
-611 245 579 -22 0 -68  -3 -43 -41 -79 -860 -1086  0 0 0 0 0 0 
-611 245 579 -22 0 -68  -3 -43 -41 -60 -860 -820  0 0 0 0 0 0 
-611 245 579 -22 0 -68  7 -39 -41 -50 -856 -820  0 0 0 0 0 0 
-611 245 579 -22 0 -68  7 -39 -41 140 -780 -820  0 0 0 0 0 0 
-611 245 579 -22 0 -68  12 -54 -54 145 -795 -833  0 -1 -1 0 0 0 
-611 245 579 -22 0 -68  12 -54 -54 240 -1080 -1080  0 -1 -1 0 0 0 
-611 245 579 -22 0 -68  34 -41 -79 262 -1067 -1105  0 0 -1 0 0 0 
-611 245 579 19 0 -109  34 -41 -79 680 -820 -1580  0 0 -1 0 0 0 
-611 245 579 38 0 -128  -20 30 -75 626 -749 -1576  0 0 -1 0 0 0 
-611 245 579 38 0 -128  -20 30 -75 -400 600 -1500  0 0 -1 0 0 0 
-611 245 579 45 0 -135  -67 101 -80 -447 671 -1505  -1 1 -1 0 0 0 
-611 247 579 119 0 151  -67 101 -80 -1340 2020 -1600  -1 1 -1 0 0 0 
-611 248 579 77 0 -167  -100 150 -69 -1373 2069 -1589  -1 2 -1 0 0 0 
-610 250 579 96 0 174  -100 150 -69 -2000 3000 -1380  -1 2 -1 0 0 0 
-609 251 579 -9 0 -81  -100 150 -69 -2000 3000 -1380  -1 2 -1 0 0 0 
-608 253 579 -18 0 -72  -106 182 -70 -2006 3032 -1381  -1 2 -1 0 0 0 
-607 255 579 -44 0 -46  -106 182 -70 -2120 3640 -1400  -1 2 -1 0 0 0 
-606 257 579 -33 0 -57  -116 188 -62 -2130 3646 -1392  -1 2 -1 0 0 0 
-605 259 579 -41 0 -49  -79 144 -67 -2283 3716 -1245  -1 1 -1 0 0 0 
-604 260 579 164 0 106  -79 144 -67 -1580 2880 -1340  -1 1 -1 0 0 0 
-604 261 579 -76 0 -14  -54 110 -68 -1555 2846 -1341  -1 1 -1 0 0 0 
-604 263 579 161 0 109  -54 110 -68 -1080 2200 -1360  -1 1 -1 0 0 0 
-604 265 579 161 0 109  -58 107 -44 -1084 2197 -1336  -1 1 0 0 0 0 
-604 266 579 167 0 103  -58 107 -44 -1160 2140 -880  -1 1 0 0 0 0 
-604 268 579 -122 0 32  -56 87 -49 -1158 2120 -885  -1 1 0 0 0 0 
-604 269 579 -35 0 -55  -56 87 -49 -1120 1740 -980  -1 1 0 0 0 0 
-604 270 579 -153 0 63  -65 92 -46 -1129 1745 -977  -1 1 0 0 0 0 
-604 272 579 -35 0 -55  -65 92 -46 -1300 1840 -920  -1 1 0 0 0 0 
-604 273 579 -33 0 -57  -53 79 -47 -1060 1580 -940  -1 1 0 0 0 0 
-604 273 579 -35 0 -55  -68 107 -43 -1075 1608 -936  -1 1 0 0 0 0 
-604 274 579 -32 0 -58  -68 107 -43 -1360 2140 -860  -1 1 0 0 0 0 
-604 276 579 -80 0 -10  -69 98 -61 -1361 2131 -878  -1 1 -1 0 0 0 
-604 277 579 -25 0 -65  -69 98 -61 -1380 1960 -1220  -1 1 -1 0 0 0 
-604 279 579 -32 0 -58  -69 98 -61 -1380 1960 -1220  -1 1 -1 0 0 0 
-604 280 579 -33 0 -57  -73 112 -56 -1384 1974 -1215  -1 1 -1 0 0 0 
-604 282 579 -37 0 -53  -73 112 -56 -1460 2240 -1120  -1 1 -1 0 0 0 
-604 283 579 -63 0 -27  -62 93 -67 -1240 1860 -1340  -1 1 -1 0 0 0 
-604 285 579 -42 0 -48  -55 61 -70 -1233 1828 -1343  -1 1 -1 0 0 0 
-604 285 579 -176 0 86  -55 61 -70 -1100 1220 -1400  -1 1 -1 0 0 0 
-604 285 579 -88 0 -2  -52 75 -60 -1097 1234 -1390  -1 1 -1 0 0 0 
-604 285 579 -63 0 -27  -52 75 -60 -1040 1500 -1200  -1 1 -1 0 0 0 
-604 285 579 -53 0 -37  -40 60 -74 -800 1200 -1480  0 1 -1 0 0 0 
-604 285 579 -54 0 -36  -40 60 -74 -800 1200 -1480  0 1 -1 0 0 0 
-604 285 579 -38 0 -52  -42 64 -53 -840 1280 -1060  0 1 -1 0 0 0 
-604 285 579 -35 0 -55  -42 64 -53 -840 1280 -1060  0 1 -1 0 0 0 
-604 285 579 -35 0 -55  -31 45 -39 -620 900 -780  0 0 0 0 0 0 
-604 285 579 -35 0 -55  -31 45 -39 -620 900 -780  0 0 0 0 0 0 
-604 285 579 -37 0 -53  -24 40 -34 -480 800 -680  0 0 0 0 0 0 
-604 285 579 -35 0 -55  -24 40 -34 -480 800 -680  0 0 0 0 0 0 
-604 285 579 -25 0 -65  -32 56 -37 -640 1120 -740  0 1 0 0 0 0 
-604 285 579 -25 0 -65  -32 56 -37 -640 1120 -740  0 1 0 0 0 0 
-604 285 579 -25 0 -65  -49 85 -45 -980 1700 -900  0 1 0 0 0 0 
-604 286 579 155 0 115  -49 85 -45 -980 1700 -900  0 1 0 0 0 0 
-604 288 579 -90 0 0  -50 83 -39 -981 1698 -894  -1 1 0 0 0 0 
-604 288 579 -26 0 -64  -50 83 -39 -1000 1660 -780  -1 1 0 0 0 0 
-604 288 579 -26 0 -64  -50 74 -63 -1000 1480 -1260  -1 1 -1 0 0 0 
-604 288 579 -26 0 -64  -61 87 -77 -1011 1493 -1274  -1 1 -1 0 0 0 
-604 289 579 -26 0 -64  -61 87 -77 -1220 1740 -1540  -1 1 -1 0 0 0 
-604 291 579 -26 0 -64  -57 85 -64 -1216 1738 -1527  -1 1 -1 0 0 0 
-604 292 579 -26 0 -64  -57 85 -64 -1140 1700 -1280  -1 1 -1 0 0 0 
-604 294 579 -26 0 -64  -57 85 -64 -1140 1700 -1280  -1 1 -1 0 0 0 
-604 294 579 -26 0 -64  -50 82 -69 -1000 1640 -1380  -1 1 -1 0 0 0 
-604 294 579 -26 0 -64  -57 80 -49 -1007 1638 -1360  -1 1 0 0 0 0 
-604 294 579 -26 0 -64  -57 80 -49 -1140 1600 -980  -1 1 0 0 0 0 
-604 294 579 -26 0 -64  -53 78 -38 -1060 1560 -760  -1 1 0 0 0 0 
-604 294 579 -35 0 -55  -53 78 -38 -1060 1560 -760  -1 1 0 0 0 0 
-604 294 579 -35 0 -55  -47 69 -42 -1054 1551 -764  0 1 0 0 0 0 
-604 294 579 -37 0 -53  -47 69 -42 -940 1380 -840  0 1 0 0 0 0 
-604 294 579 -36 0 -54  -36 49 -24 -929 1360 -822  0 0 0 0 0 0 
-604 294 579 -37 0 -53  -36 49 -24 -720 980 -480  0 0 0 0 0 0 
-604 294 579 -38 0 -52  -37 60 -53 -721 991 -509  0 1 -1 0 0 0 
-604 294 579 -39 0 -51  -37 60 -53 -740 1200 -1060  0 1 -1 0 0 0 
-604 294 579 -42 0 -48  -42 75 -65 -840 1500 -1300  0 1 -1 0 0 0 
-604 294 579 -44 0 -46  -42 75 -65 -840 1500 -1300  0 1 -1 0 0 0 
-604 294 579 -44 0 -46  -46 76 -59 -920 1520 -1180  0 1 -1 0 0 0 
-604 294 579 -44 0 -46  -46 76 -59 -920 1520 -1180  0 1 -1 0 0 0 
-604 294 579 -48 0 -42  -45 76 -69 -900 1520 -1380  0 1 -1 0 0 0 
-604 294 579 -48 0 -42  -45 76 -69 -900 1520 -1380  0 1 -1 0 0 0 
-604 294 579 -66 0 -24  -40 58 -56 -800 1160 -1120  0 1 -1 0 0 0 
-604 294 579 -66 0 -24  -40 58 -56 -800 1160 -1120  0 1 -1 0 0 0 
-604 294 579 -66 0 -24  -21 17 -37 -420 340 -740  0 0 0 0 0 0 
-604 294 579 -66 0 -24  -21 17 -37 -420 340 -740  0 0 0 0 0 0 
-604 294 579 -66 0 -24  -16 -6 -47 -320 -120 -940  0 0 0 0 0 0 
-604 294 579 -66 0 -24  -5 -23 -36 -309 -137 -929  0 0 0 0 0 0 
-604 294 579 -66 0 -24  -5 -23 -36 -100 -460 -720  0 0 0 0 0 0 
-604 294 579 -55 0 -35  -4 -41 -64 -99 -478 -748  0 0 -1 0 0 0 
-604 294 579 -55 0 -35  -4 -41 -64 -80 -820 -1280  0 0 -1 0 0 0 
-604 294 579 -46 0 -44  -2 -41 -82 -78 -820 -1298  0 0 -1 0 0 0 
-604 294 579 -46 0 -44  -2 -41 -82 -40 -820 -1640  0 0 -1 0 0 0 
-604 294 579 -63 0 -27  -4 -45 -80 -42 -824 -1638  0 0 -1 0 0 0 
-604 294 579 -46 0 -44  -4 -45 -80 -80 -900 -1600  0 0 -1 0 0 0 
-604 294 579 -46 0 -44  -4 -44 -76 -80 -899 -1596  0 0 -1 0 0 0 
-604 294 579 -46 0 -44  -4 -44 -76 -80 -880 -1520  0 0 -1 0 0 0 
-604 294 579 -46 0 -44  -4 -42 -77 -80 -878 -1521  0 0 -1 0 0 0 
-604 294 579 -46 0 -44  -4 -42 -77 -80 -840 -1540  0 0 -1 0 0 0 
-604 294 579 -46 0 -44  -3 -43 -50 -60 -860 -1000  0 0 -1 0 0 0 
-604 294 579 -46 0 -44  -3 -43 -50 -60 -860 -1000  0 0 -1 0 0 0 
-604 294 579 -46 0 -44  -7 -44 -58 -140 -880 -1160  0 0 -1 0 0 0 
-604 294 579 -46 0 -44  -7 -44 -58 -140 -880 -1160  0 0 -1 0 0 0 
-604 294 579 -46 0 -44  0 -39 -40 -133 -875 -1142  0 0 0 0 0 0 
-604 294 579 -46 0 -44  0 -39 -40 0 -780 -800  0 0 0 0 0 0 
-604 294 579 -46 0 -44  -5 -45 -73 -5 -786 -833  0 0 -1 0 0 0 
-604 294 579 -46 0 -44  -5 -45 -73 -100 -900 -1460  0 0 -1 0 0 0 
-604 294 579 -46 0 -44  -2 -45 -83 -40 -900 -1660  0 0 -1 0 0 0 
-604 294 579 -46 0 -44  -2 -45 -83 -40 -900 -1660  0 0 -1 0 0 0 
-604 294 579 -46 0 -44  -2 -44 -76 -40 -880 -1520  0 0 -1 0 0 0 
-604 294 579 -63 0 -27  -2 -44 -76 -40 -880 -1520  0 0 -1 0 0 0 
-604 294 579 -46 0 -44  5 -35 -74 100 -700 -1480  0 0 -1 0 0 0 
-604 294 579 -46 0 -44  2 -45 -77 97 -710 -1483  0 0 -1 0 0 0 
-604 294 579 -46 0 -44  2 -45 -77 40 -900 -1540  0 0 -1 0 0 0 
-604 294 579 -46 0 -44  2 -45 -77 40 -900 -1540  0 0 -1 0 0 0 
-604 294 579 -46 0 -44  2 -34 -73 40 -680 -1460  0 0 -1 0 0 0 
-604 294 579 -46 0 -44  2 -34 -73 40 -680 -1460  0 0 -1 0 0 0 
-604 294 579 159 0 111  -10 -29 -89 28 -675 -1476  0 0 -1 0 0 0 
-604 294 580 166 0 104  -10 -29 -89 -200 -580 -1780  0 0 -1 0 0 0 
-604 294 581 164 0 106  -10 -29 -89 -200 -580 -1780  0 0 -1 0 0 0 
-604 294 582 -48 0 -42  -7 -48 -71 -140 -960 -1420  0 0 -1 0 0 0 
-604 294 582 -32 0 -58  -2 -40 -56 -40 -800 -1120  0 0 -1 0 0 0 
-604 294 582 -31 0 -59  -5 -43 -54 -43 -803 -1118  0 0 -1 0 0 0 
-604 294 582 -32 0 -58  -5 -43 -54 -100 -860 -1080  0 0 -1 0 0 0 
-604 294 582 -32 0 -58  -9 -44 -60 -104 -861 -1086  0 0 -1 0 0 0 
-604 294 582 -32 0 -58  -9 -44 -60 -180 -880 -1200  0 0 -1 0 0 0 
-604 294 582 -33 0 -57  -1 -42 -53 -172 -878 -1193  0 0 -1 0 0 0 
-604 294 582 -34 0 -56  -1 -42 -53 -20 -840 -1060  0 0 -1 0 0 0 
-604 294 582 -35 0 -55  -4 -39 -62 -23 -837 -1069  0 0 -1 0 0 0 
-604 294 582 -41 0 -49  -4 -39 -62 -80 -780 -1240  0 0 -1 0 0 0 
-604 294 582 -38 0 -52  -4 -39 -62 -80 -780 -1240  0 0 -1 0 0 0 
-604 294 582 -40 0 -50  -1 -41 -74 -20 -820 -1480  0 0 -1 0 0 0 
-604 294 582 -43 0 -47  -4 -44 -81 -23 -823 -1487  0 0 -1 0 0 0 
-604 294 582 -43 0 -47  -4 -44 -81 -80 -880 -1620  0 0 -1 0 0 0 
-604 294 582 -46 0 -44  -4 -40 -79 -80 -876 -1618  0 0 -1 0 0 0 
-604 294 582 -46 0 -44  -4 -40 -79 -80 -800 -1580  0 0 -1 0 0 0 
-604 294 582 -101 0 11  -3 -43 -90 -79 -803 -1591  0 0 -1 0 0 0 
-604 294 583 158 0 112  -3 -43 -90 -60 -860 -1800  0 0 -1 0 0 0 
-604 294 584 163 0 107  -3 -43 -90 -60 -860 -1800  0 0 -1 0 0 0 
-604 294 585 164 0 106  -9 -42 -78 -66 -859 -1788  0 0 -1 0 0 0 
-604 294 585 -41 0 -49  -4 -41 -57 -175 -839 -1539  0 0 -1 0 0 0 
-604 294 585 -35 0 -55  -4 -41 -57 -80 -820 -1140  0 0 -1 0 0 0 
-604 294 585 -34 0 -56  -6 -44 -56 -120 -880 -1120  0 0 -1 0 0 0 
-604 294 585 -34 0 -56  -6 -44 -56 -120 -880 -1120  0 0 -1 0 0 0 
