I=Type = dense real , numRows = 4 , numCols = 4
 1,000   0,000   0,000   0,000  
 0,000   1,000   0,000   0,000  
 0,000   0,000   1,000   0,000  
 0,000   0,000   0,000   1,000  
t=90.0 a=0.0 alpha=90.0 d=430.0
A1=Type = dense real , numRows = 4 , numCols = 4
 0,000  -0,000   1,000   0,000  
 1,000   0,000  -0,000   0,000  
 0,000   1,000   0,000  430,000  
 0,000   0,000   0,000   1,000  

t=0.0 a=0.0 alpha=0.0 d=450.0
A2=Type = dense real , numRows = 4 , numCols = 4
 1,000  -0,000   0,000   0,000  
 0,000   1,000  -0,000   0,000  
 0,000   0,000   1,000  450,000  
 0,000   0,000   0,000   1,000  

t=90.0 a=0.0 alpha=-90.0 d=450.0
A3=Type = dense real , numRows = 4 , numCols = 4
 0,000  -0,000  -1,000   0,000  
 1,000   0,000   0,000   0,000  
 0,000  -1,000   0,000  450,000  
 0,000   0,000   0,000   1,000  

t=0.0 a=0.0 alpha=90.0 d=100.0
A4=Type = dense real , numRows = 4 , numCols = 4
 1,000  -0,000   0,000   0,000  
 0,000   0,000  -1,000   0,000  
 0,000   1,000   0,000  100,000  
 0,000   0,000   0,000   1,000  

t=0.0 a=0.0 alpha=-90.0 d=70.0
A5=Type = dense real , numRows = 4 , numCols = 4
 1,000  -0,000  -0,000   0,000  
 0,000   0,000   1,000   0,000  
 0,000  -1,000   0,000  70,000  
 0,000   0,000   0,000   1,000  

t=0.0 a=0.0 alpha=0.0 d=10.0
A6=Type = dense real , numRows = 4 , numCols = 4
 1,000  -0,000   0,000   0,000  
 0,000   1,000  -0,000   0,000  
 0,000   0,000   1,000  10,000  
 0,000   0,000   0,000   1,000  

